fp64
 8 134217728 590580.94 595399.857 602484.941 3.5643773011747366 3.606792347617242 3.6362224083967227 0.8910943252936842 0.9016980869043105 0.9090556020991807
 16 67108864 354886.055 357451.916 357652.903 6.004379189954458 6.007755314423885 6.05119197484387 1.5010947974886144 1.5019388286059712 1.5127979937109675
 24 33554432 188054.085 195576.906 202787.161 7.942380218045461 8.235188749739194 8.564625097083109 1.9855950545113652 2.0587971874347986 2.1411562742707773
 32 33554432 278965.95 281582.832 289236.069 7.4246744378205465 7.626472227539781 7.698013495912314 1.8561686094551366 1.9066180568849453 1.9245033739780786
 40 16777216 164859.056 165343.046 165908.813 8.089849211325502 8.117530869728867 8.141362158473115 2.0224623028313755 2.0293827174322168 2.0353405396182787
 48 16777216 181589.842 183618.069 185746.908 8.671006981176774 8.771537271748567 8.86950898938499 2.1677517452941935 2.192884317937142 2.2173772473462474
 56 16777216 199810.982 200547.934 201647.043 9.31850109996406 9.369571426250642 9.404128708000645 2.329625274991015 2.3423928565626606 2.351032177000161
 64 16777216 94369.888 94671.965 95072.031 22.587964361463996 22.683416870031166 22.75602624430369 5.646991090365999 5.670854217507792 5.689006561075923
 72 8388608 47207.117 47503.948 47595.978 25.379445969153103 25.428613891207526 25.588505055286472 6.344861492288276 6.3571534728018815 6.397126263821618
 80 8388608 50935.984 50968.885 51290.035 26.16838300071349 26.333267443460848 26.35027684946658 6.5420957501783725 6.583316860865212 6.587569212366645
 88 8388608 66367.865 66529.036 67145.109 21.988124377011587 22.191739077656262 22.24563059245615 5.497031094252897 5.5479347694140655 5.561407648114037
 96 8388608 79403.162 79857.826 80250.025 20.069934383198014 20.168502157822328 20.283987380754432 5.017483595799503 5.042125539455582 5.070996845188608
 104 8388608 90157.032 91196.775 91413.975 19.087130430549596 19.132589546066736 19.353237626544757 4.771782607637399 4.783147386516684 4.838309406636189
 112 8388608 104029.894 104943.037 111531.019 16.84776315008832 17.905410837309766 18.062579127495795 4.21194078752208 4.476352709327442 4.515644781873949
 120 8388608 115899.801 117573.977 118204.117 17.03211335693155 17.12339729734582 17.37074526987324 4.2580283392328875 4.280849324336455 4.34268631746831
 128 8388608 66601.992 66900.015 67413.092 31.855587457700352 32.099897855030385 32.24353481799764 7.963896864425088 8.024974463757596 8.06088370449941
 136 4194304 32952.07 33055.067 34003.973 33.55051152405044 34.51364016294385 34.6215181018977 8.38762788101261 8.628410040735963 8.655379525474425
 144 4194304 33026.934 33030.033 35012.96 34.5003550685232 36.57155147256437 36.57498307290649 8.6250887671308 9.142887868141093 9.143745768226623
 152 4194304 31939.03 31965.971 32052.04 39.78119383352822 39.888305473342264 39.92195179377708 9.945298458382055 9.972076368335566 9.98048794844427
 160 4194304 38590.908 38640.976 38845.062 34.55206944965103 34.73455949973935 34.77962425761011 8.638017362412757 8.683639874934837 8.694906064402527
 176 4194304 49288.988 49498.081 49760.103 29.670256269365034 29.82731811360525 29.953851111733112 7.417564067341258 7.456829528401313 7.488462777933278
 192 4194304 40615.082 40668.964 40715.933 39.55730883042764 39.60299396857023 39.65553328194684 9.88932720760691 9.900748492142558 9.91388332048671
 208 4194304 40270.09 40473.938 40762.901 42.80437410477729 43.10997521417362 43.32819876985624 10.701093526194322 10.777493803543406 10.83204969246406
 224 4194304 40789.127 40864.944 40895.939 45.947060709377524 45.981910363073055 46.06737947590788 11.486765177344381 11.495477590768264 11.51684486897697
 240 4194304 43331.146 43501.854 43632.984 46.1409176140692 46.28000268678203 46.46232804458945 11.5352294035173 11.570000671695508 11.615582011147362
 264 2097152 25377.989 25474.072 25530.1 43.372186399583235 43.46757974147203 43.632151310334315 10.843046599895809 10.866894935368007 10.908037827583579
 288 2097152 25584.936 25731.802 26128.054 46.23228166935049 46.94422691422855 47.21370231295477 11.558070417337623 11.736056728557138 11.803425578238693
 312 2097152 24013.996 24150.133 24196.148 54.08393302934004 54.18698306961704 54.49417281488679 13.52098325733501 13.54674576740426 13.623543203721697
 336 2097152 28823.137 28945.923 29129.982 48.3792315422646 48.6868614968678 48.89426657480065 12.09480788556615 12.17171537421695 12.223566643700163
 368 2097152 24015.903 24207.115 24334.908 63.42756142739476 63.76240506148709 64.27007437530041 15.85689035684869 15.940601265371772 16.067518593825103
 400 2097152 24647.951 24703.979 24831.057 67.5654524090537 67.91301109833358 68.06738620991253 16.891363102263426 16.978252774583396 17.016846552478132
 440 2097152 22496.939 22607.803 22706.985 81.27427573497759 81.63083162039231 82.03310503708973 20.318568933744398 20.40770790509808 20.50827625927243
 480 2097152 17923.117 18029.928 18369.913 109.5958331430312 111.66244923440625 112.32789028827965 27.3989582857578 27.915612308601563 28.081972572069912
 528 1048576 9321.928 9333.134 9356.976 118.33911468833519 118.64141841315039 118.78403866667924 29.584778672083797 29.660354603287598 29.69600966666981
 576 1048576 9751.081 9775.162 9802.818 123.22574508676995 123.57437677247701 123.87955263626668 30.806436271692487 30.893594193119252 30.96988815906667
 632 1048576 11588.812 11634.111 11706.829 113.2159753935075 113.92362201117042 114.36893307096534 28.303993848376876 28.480905502792606 28.592233267741335
 688 1048576 12394.905 12413.979 12465.0 115.7513498596069 116.22708367719973 116.40594066674976 28.937837464901726 29.056770919299932 29.10148516668744
 752 1048576 13463.02 13525.009 14071.941 112.07112821180814 116.60312418276395 117.14001048798856 28.017782052952036 29.150781045690987 29.28500262199714
 824 1048576 14794.111 14866.829 15062.094 114.72861927431869 116.23549635231561 116.80683266470015 28.682154818579672 29.058874088078902 29.201708166175038
 904 1048576 15452.147 15486.002 15693.903 120.80012269733031 122.42187544596727 122.69009659304949 30.200030674332577 30.60546886149182 30.672524148262372
 992 1048576 17224.789 17292.023 17750.025 117.20404810697448 120.30835166018458 120.77795460948752 29.30101202674362 30.077087915046146 30.19448865237188
 1088 524288 9109.974 9140.968 9191.036 124.12645190378974 124.80633210837188 125.23094884793305 31.031612975947436 31.20158302709297 31.307737211983262
 1192 524288 10333.061 10396.957 10536.194 118.62942083260806 120.21811689708825 120.96150327574763 29.657355208152016 30.054529224272063 30.240375818936908
 1304 524288 11132.956 11240.005 11324.883 120.73794528384974 121.64968823412445 122.8194114842455 30.184486320962435 30.412422058531114 30.704852871061377
 1432 524288 12216.091 12248.993 12434.959 120.75317916207041 122.58647155729454 122.91663773624477 30.188294790517602 30.646617889323636 30.72915943406119
 1568 524288 13388.157 13459.921 13558.865 121.26141590759994 122.15280966359313 122.8075804608506 30.315353976899985 30.538202415898283 30.70189511521265
 1720 524288 14832.973 14922.857 15081.882 119.58392991007356 120.85827264846135 121.5906426850504 29.89598247751839 30.214568162115338 30.3976606712626
 1888 524288 16019.106 16081.095 16191.006 122.27229660714102 123.10800278214884 123.58439278696328 30.568074151785254 30.77700069553721 30.89609819674082
 2072 262144 8736.134 8770.943 9081.841 119.61503576202225 123.85495333854067 124.34845161486763 29.90375894050556 30.963738334635167 31.087112903716907
 2272 262144 9582.043 9608.984 9770.87 121.91159395222738 123.96548230281161 124.31402530754663 30.477898488056844 30.991370575702902 31.078506326886657
 2496 262144 10389.09 10421.991 10585.07 123.62911610409756 125.56361332493954 125.9612582045203 30.90727902602439 31.390903331234885 31.490314551130076
 2744 262144 11611.223 11652.231 11655.092 123.43499922608932 123.46530651512144 123.90135578310742 30.85874980652233 30.86632662878036 30.975338945776855
 3016 262144 12587.07 12612.104 12639.999 125.0991086312586 125.37579836005159 125.62515406683207 31.27477715781465 31.343949590012897 31.406288516708017
 3312 262144 13939.142 13966.084 14121.056 122.9682720612396 124.33276614976681 124.57308032302132 30.7420680153099 31.083191537441703 31.14327008075533
 3640 262144 15305.996 15403.986 15568.972 122.57767051029444 123.89055144558037 124.68370696033111 30.64441762757361 30.972637861395093 31.170926740082777
 4000 262144 16781.092 16815.186 16947.031 123.74745759301439 124.71774026168961 124.97112821978449 30.936864398253597 31.179435065422403 31.242782054946122
 4400 131072 9227.991 9284.973 9351.969 123.33590926146142 124.22584319846703 124.99292641269373 30.833977315365356 31.056460799616758 31.248231603173434
 4840 131072 10720.968 10733.128 11126.995 114.02691921763244 118.21129497384175 118.34537329091926 28.50672980440811 29.552823743460436 29.586343322729814
 5320 131072 11597.872 11625.051 11667.967 119.52434215832113 119.96558810795756 120.24672112263355 29.881085539580283 29.99139702698939 30.061680280658386
 5848 131072 12735.844 12873.888 12926.102 118.59863955893276 119.07965270476176 120.3703588077869 29.64965988973319 29.76991317619044 30.092589701946725
 6432 131072 13371.944 13407.946 13548.851 124.44673042754695 125.75454942912211 126.0931251282536 31.11168260688674 31.438637357280527 31.5232812820634
 7072 131072 15328.884 15364.885 15735.149 117.81790995433218 120.6570936261482 120.94046559423374 29.454477488583045 30.16427340653705 30.235116398558436
 7776 131072 16824.961 16889.811 17024.994 119.7317158525871 120.6900269043863 121.15521361386811 29.932928963146775 30.172506726096575 30.28880340346703
 8552 65536 9186.983 9306.908 9405.136 119.18251304393685 120.44040233340655 122.01260675022473 29.795628260984213 30.110100583351638 30.503151687556183
 9400 65536 10136.843 10335.922 10439.873 118.01645479786968 119.20337634126882 121.54442956253735 29.50411369946742 29.800844085317205 30.386107390634336
 10336 65536 11023.998 11065.006 11527.061 117.52867378770704 122.43646248361729 122.89191199055007 29.38216844692676 30.609115620904323 30.722977997637518
 11368 65536 12108.088 12197.018 13714.075 108.64943468662669 122.1631792295461 123.0604283682114 27.162358671656673 30.540794807386526 30.76510709205285
 12504 65536 13226.986 13460.159 13697.863 119.64817344136088 121.76113878000996 123.90761493207899 29.91204336034022 30.44028469500249 30.976903733019746
 13752 65536 14573.097 14703.989 19170.046 94.02701193309603 122.5859284851206 123.68696537187668 23.50675298327401 30.64648212128015 30.92174134296917
 15120 65536 15896.082 15992.88 16270.876 121.80097986119493 123.91818359169832 124.67277408357607 30.450244965298733 30.97954589792458 31.168193520894018
 16632 32768 8802.891 8841.991 8939.981 121.92360945733553 123.2748090333953 123.82236154008949 30.480902364333883 30.818702258348825 30.955590385022372
 18288 32768 9628.057 9637.117 9820.938 122.03746403856739 124.36523993638345 124.48226760601851 30.509366009641848 31.09130998409586 31.120566901504628
 20112 32768 10585.07 10591.984 10736.942 122.75935103309676 124.43939039182838 124.52067222984826 30.68983775827419 31.109847597957096 31.130168057462065
 22120 32768 11595.011 11641.026 11816.978 122.67572301480126 124.52994435370216 125.02414357347311 30.668930753700316 31.13248608842554 31.256035893368278
 24328 32768 12706.041 12737.989 12902.021 123.57442357286506 125.16573911313631 125.4804551630205 30.893605893216264 31.291434778284078 31.370113790755124
 26760 32768 13984.919 14028.072 14228.821 123.2528935461343 125.01670650107869 125.40246818733809 30.813223386533576 31.25417662526967 31.35061704683452
 29432 32768 15393.972 15436.172 15664.101 123.13860540097386 124.95685795675249 125.29940628708431 30.784651350243465 31.23921448918812 31.324851571771077
 32368 32768 16934.156 16963.959 17230.988 123.10781297044602 125.04564812966126 125.26572024020565 30.776953242611505 31.261412032415315 31.316430060051413
 35600 16384 9248.018 9292.126 9316.921 125.20668577097518 125.54078582231881 126.13954687371931 31.301671442743796 31.385196455579703 31.534886718429828
 39160 16384 10233.879 10253.906 10449.886 122.79510800404903 125.14205611013013 125.38695053947772 30.698777001012257 31.285514027532532 31.34673763486943
 43072 16384 11184.216 11203.051 11489.153 122.84485166138877 125.98204685491478 126.19420941083396 30.711212915347193 31.495511713728696 31.54855235270849
 47376 16384 12330.055 12387.991 12628.078 122.93373290852338 125.31626540574659 125.90509677369647 30.733433227130845 31.329066351436648 31.476274193424118
 52112 16384 13532.877 13614.893 13768.911 124.0189595241047 125.42191965812732 126.18203919240527 31.004739881026175 31.35547991453183 31.545509798101318
 57320 16384 14929.056 15030.146 15218.973 123.41580210438642 124.96630172454745 125.81249343561976 30.853950526096604 31.241575431136862 31.45312335890494
 63048 16384 16402.006 16533.852 16695.023 123.74687138795795 124.95314848590638 125.95757275055257 30.936717846989488 31.238287121476596 31.489393187638143
 69352 8192 8996.964 9089.947 9200.096 123.50557733310609 125.00217746044063 126.2940663094795 30.876394333276522 31.25054436511016 31.573516577369876
 76280 8192 9891.987 9915.113 9944.916 125.66938926382082 126.04712825764062 126.34180776824716 31.417347315955205 31.511782064410156 31.58545194206179
 83904 8192 10891.199 10912.895 11379.957 120.79862305279362 125.96869446650041 126.21963256754375 30.199655763198404 31.492173616625102 31.55490814188594
 92288 8192 11981.964 12004.852 12573.957 120.25224772122252 125.95295568825003 126.19355157468341 30.06306193030563 31.488238922062507 31.548387893670853
 101512 8192 13179.779 13231.039 13298.035 125.06905027697701 125.7023434062888 126.19123643879006 31.267262569244252 31.4255858515722 31.547809109697514
 111656 8192 14440.06 14569.044 14719.009 124.28634998456758 125.56567912074397 126.68727858471503 31.071587496141895 31.39141978018599 31.671819646178758
 122816 8192 15887.976 15959.978 16213.179 124.10998139229821 126.07895474542636 126.65032625930452 31.027495348074552 31.51973868635659 31.66258156482613
 135096 4096 9660.006 9684.086 9744.883 113.56795479227407 114.28093802554004 114.5658120709242 28.391988698068516 28.57023450638501 28.64145301773105
 148600 4096 11591.911 11631.012 11975.05 101.65562565500771 104.66253495396616 105.01557508507442 25.413906413751928 26.16563373849154 26.253893771268604
 163456 4096 12661.219 12701.988 12967.11 103.26368419794387 105.41905345840352 105.75850176827366 25.81592104948597 26.35476336460088 26.439625442068415
 179800 4096 13926.029 13936.996 14104.843 104.4266568582153 105.68429523837132 105.7675235345266 26.106664214553824 26.42107380959283 26.44188088363165
 197776 4096 15267.134 15408.039 15573.978 104.0312880883741 105.15166738609632 106.12214394659797 26.007822022093524 26.28791684652408 26.530535986649493
 217552 4096 16736.031 16878.128 17380.953 102.53672419458242 105.59144853031096 106.48797101296002 25.634181048645605 26.39786213257774 26.621992753240004
 239304 4096 18417.835 18629.074 18769.026 104.44752796442393 105.23219608231736 106.43913185235941 26.11188199110598 26.30804902057934 26.609782963089852
 263232 2048 10087.013 10265.827 10588.884 101.82359840753757 105.02790198977638 106.88974744059514 25.455899601884393 26.256975497444095 26.722436860148786
 289552 2048 11096.954 11234.999 11296.988 104.98417737542078 105.56342657440379 106.87662506305784 26.246044343855196 26.390856643600948 26.71915626576446
 318504 2048 12155.056 12229.919 12368.202 105.47955022080008 106.67220150844825 107.3291956861408 26.36988755520002 26.668050377112063 26.8322989215352
 350352 2048 13385.773 13528.109 13810.873 103.90666773925153 106.07852080434893 107.20649393949832 25.976666934812883 26.51963020108723 26.80162348487458
 385384 2048 14724.016 14903.069 15036.106 104.98282361137917 105.91998627933616 107.20803780707655 26.245705902844794 26.47999656983404 26.802009451769138
 423920 2048 16146.898 16293.049 16361.952 106.1228097967773 106.57160117790107 107.53621655379256 26.530702449194326 26.642900294475268 26.88405413844814
 466312 2048 17822.027 17986.059 18011.093 106.04653210107791 106.19413357867889 107.17153284528186 26.51163302526948 26.54853339466972 26.792883211320465
 512936 2048 19510.031 19735.098 19814.014 106.0353473051952 106.45935763784905 107.6874688717819 26.5088368262988 26.614839409462263 26.921867217945476
 564224 1024 10724.783 10741.949 10820.15 106.79433760160443 107.57179651476655 107.74397505292181 26.698584400401106 26.892949128691637 26.935993763230453
 620640 1024 11734.009 11781.931 11988.163 106.02714694486552 107.88305584203472 108.32365306691004 26.50678673621638 26.97076396050868 27.08091326672751
 682704 1024 12985.945 13007.879 13056.993 107.08267914365888 107.4869924604926 107.66854410672461 26.77066978591472 26.87174811512315 26.917136026681153
 750968 1024 14228.106 14264.822 14311.79 107.46262095796541 107.81644972506491 108.09467289602706 26.865655239491353 26.95411243126623 27.023668224006766
 826064 1024 15707.97 15904.903 15984.058 105.84164997399283 106.36839922884157 107.70195461284942 26.460412493498207 26.592099807210392 26.925488653212355
 908664 1024 17225.027 17271.996 17492.056 106.38794387577997 107.743417263413 108.03721073993094 26.596985968944992 26.93585431585325 27.009302684982735
 999528 1024 18996.954 19027.948 20140.886 101.63571473469439 107.58035201693845 107.75587202032494 25.408928683673597 26.895088004234612 26.938968005081236
 1099480 512 10419.13 10463.953 10653.973 105.67583754905328 107.59485636068892 108.05772842838127 26.41895938726332 26.89871409017223 27.014432107095317
 1209424 512 11507.988 11547.089 11711.121 105.7499257329849 107.25215472055338 107.61656824807257 26.437481433246226 26.813038680138344 26.904142062018142
 1330360 512 12578.964 12676.001 13111.115 103.90334002867034 107.46990632140215 108.29895371351728 25.975835007167586 26.867476580350537 27.07473842837932
 1463392 512 13896.227 13942.003 14461.04 103.6241797270459 107.48193125478454 107.83599087723596 25.906044931761475 26.870482813696135 26.95899771930899
 1609728 512 15281.916 15460.014 16079.187 102.5152249302157 106.62095597067376 107.86353438927422 25.628806232553924 26.65523899266844 26.965883597318555
 1770696 512 16712.904 17025.948 17568.827 103.20510891250736 106.49584410806376 108.49058332411892 25.80127722812684 26.62396102701594 27.12264583102973
 1947760 512 18512.011 18584.967 18660.069 106.88632716202711 107.31825566330033 107.74119786337639 26.72158179050678 26.829563915825084 26.935299465844096
 2142536 256 10221.004 10245.085 10282.04 106.68879249643066 107.07362915973856 107.32589792548755 26.672198124107666 26.76840728993464 26.831474481371888
 2356784 256 11178.97 11197.09 11246.92 107.28923189637695 107.76669724008647 107.94137635220417 26.822307974094237 26.941674310021618 26.985344088051043
 2592456 256 12334.108 12349.129 12388.945 107.13886226793322 107.48429885217006 107.61519779136034 26.784715566983305 26.871074713042514 26.903799447840086
 2851696 256 13532.877 13628.96 13689.995 106.6522195223592 107.12984350970287 107.89046202075139 26.6630548805898 26.782460877425716 26.972615505187846
 3136864 256 15034.914 15079.975 15359.879 104.56295703891938 106.5037818696649 106.82298335727096 26.140739259729845 26.625945467416226 26.70574583931774
 3450544 256 16636.848 17116.07 19284.01 91.61364923581766 103.21753346416554 106.1906995844405 22.903412308954415 25.804383366041385 26.547674896110124
 3795592 256 18440.008 18693.924 19098.043 101.75613825982064 103.95586844153212 105.387324343894 25.43903456495516 25.98896711038303 26.3468310859735
 4175144 256 20169.973 20830.87 20932.913 102.12022225478127 102.62047278870256 105.98297419634623 25.530055563695317 25.65511819717564 26.49574354908656
 4592656 128 11162.996 11333.942 11559.01 101.71458766797502 103.73442320421262 105.3229738683056 25.428646916993756 25.933605801053154 26.3307434670764
 5051920 128 12241.125 12507.915 12651.205 102.22674598980886 103.39785008132849 105.65136129236487 25.556686497452215 25.84946252033212 26.412840323091217
 5557112 128 13587.952 13849.974 14126.062 100.7089358662025 102.71648683239405 104.69721058773244 25.177233966550624 25.679121708098513 26.17430264693311
 6112816 128 15090.942 15181.065 17246.008 90.7387318850832 103.08110109534476 103.69670070960449 22.6846829712708 25.77027527383619 25.92417517740112
 6724096 128 16597.033 16696.93 17214.06 99.9978259631952 103.09491481368133 103.71543974154898 24.9994564907988 25.773728703420332 25.928859935387244
 7396504 128 18443.823 18959.045 21488.905 88.11547279863726 99.87343898387289 102.6633699531816 22.028868199659314 24.968359745968222 25.6658424882954
 8136152 128 19903.898 20667.076 21372.08 97.45681805420904 100.78130607348616 104.64557806717058 24.36420451355226 25.19532651837154 26.161394516792644
 8949760 64 10946.035 11514.902 11764.05 97.37881766908505 99.48580370028333 104.65609510658425 24.344704417271263 24.87145092507083 26.16402377664606
 9844736 64 12452.841 13025.999 13116.837 96.06936550328406 96.73931404416659 101.19186521372913 24.017341375821015 24.184828511041648 25.297966303432283
 10829208 64 14026.88 14600.039 17212.152 80.53255769528413 94.94074803498812 98.8201669936579 20.13313942382103 23.73518700874703 24.705041748414477
 11912128 64 15949.011 16116.142 16433.001 92.78599715292417 94.61025994931045 95.60168865643142 23.196499288231042 23.65256498732761 23.900422164107855
 13103336 64 17566.919 17727.137 18018.007 93.0861558661843 94.6135299794885 95.47644683737654 23.271538966546075 23.653382494872126 23.869111709344136
 14413664 64 18927.097 19132.137 19291.162 95.63700683245519 96.4319350211636 97.47659622603508 23.909251708113796 24.1079837552909 24.36914905650877
 15855024 64 20179.033 20596.981 20733.118 97.88412297658269 98.53109404722953 100.57186942506115 24.471030744145672 24.632773511807383 25.142967356265288
 17440520 32 10903.12 10996.103 12965.918 86.086714415439 101.5080779072368 102.37374989911144 21.52167860385975 25.3770194768092 25.59343747477786
 19184568 32 11842.966 11944.056 12309.074 99.74855557777944 102.79693531242653 103.67439643075897 24.93713889444486 25.69923382810663 25.918599107689744
 21103024 32 12952.805 13084.888 13947.964 96.83087338051634 103.21781401567976 104.27035194307335 24.207718345129084 25.80445350391994 26.067587985768338
 23213320 32 14256.954 14426.947 18673.897 79.55770988776472 102.97760711257897 104.20546212045012 19.88942747194118 25.74440177814474 26.05136553011253
 25534648 32 15794.992 15893.936 25426.149 64.27310215164711 102.82018701975394 103.46427981729904 16.068275537911777 25.705046754938486 25.86606995432476
 28088112 32 17641.068 18551.826 21552.086 83.40905692377063 96.89823352159512 101.90081280793204 20.85226423094266 24.22455838039878 25.47520320198301
 30896920 32 19881.964 20088.196 21770.0 90.8315516766192 98.43606065970285 99.45712003099896 22.7078879191548 24.60901516492571 24.86428000774974
 33986608 16 11337.042 12597.084 16104.937 67.53031421358557 86.33517534692949 95.93079535208567 16.882578553396392 21.583793836732372 23.982698838021417
 37385264 16 12771.845 12846.947 13976.097 85.5981786617537 93.12161465288212 93.6691956408804 21.399544665438427 23.28040366322053 23.4172989102201
 41123784 16 14063.835 14727.831 15463.114 85.1032391017747 89.35199541602562 93.57057218034768 21.275809775443676 22.337998854006404 23.39264304508692
 45236160 16 15694.857 15958.071 19634.962 73.72344901915267 90.7100313064154 92.23130354102621 18.430862254788167 22.67750782660385 23.057825885256552
 49759776 16 17217.875 18730.879 19119.024 83.2842111605697 85.01004314853562 92.48021791306999 20.821052790142424 21.252510787133904 23.120054478267498
 54735752 16 18702.984 19181.967 24645.09 71.07071079878385 91.31201529019417 93.65051395007343 17.767677699695962 22.828003822548542 23.412628487518358
 60209320 16 20790.1 21691.799 26235.104 73.43970277381024 88.82150530714397 92.6738322566991 18.35992569345256 22.20537632678599 23.168458064174775
 66230248 16 23293.972 25295.019 29530.048 71.7698777868563 83.7859792080014 90.98353582635026 17.942469446714075 20.94649480200035 22.745883956587566
 72853272 8 12620.926 13042.927 16430.855 70.94289079904848 89.37045741343182 92.35870268156235 17.73572269976212 22.342614353357956 23.089675670390587
 80138592 8 13885.021 14358.997 14949.083 85.77231606781498 89.29714742610503 92.34537506281048 21.443079016953746 22.324286856526257 23.08634376570262
 88152448 8 15408.993 15853.167 19316.912 73.01576815176256 88.96892135180309 91.5335069592153 18.25394203794064 22.242230337950772 22.883376739803825
 96967688 8 16880.989 17281.055 17393.827 89.1973346636137 89.77941497206044 91.90711563167298 22.299333665903426 22.44485374301511 22.976778907918245
 106664456 8 18632.889 18996.0 19840.002 86.01971390930304 89.84161381343442 91.59241468137336 21.50492847732576 22.460403453358605 22.89810367034334
 117330896 8 20383.835 20957.947 23015.022 81.56821818375842 89.57434313580428 92.09721016678168 20.392054545939605 22.39358578395107 23.02430254169542
 129063984 8 22426.128 22957.087 25245.19 81.79870082181992 89.95147093357271 92.08115391118787 20.44967520545498 22.487867733393177 23.020288477796967
 141970376 4 12274.027 12424.946 13515.949 84.03131796368868 91.40989490014687 92.53385282597146 21.00782949092217 22.852473725036717 23.133463206492866
 156167408 4 13518.095 13625.86 16161.919 77.30141847635791 91.68883754860244 92.41977246054272 19.325354619089477 22.92220938715061 23.10494311513568
 171784144 4 15069.962 15134.811 15712.023 87.46634039423186 90.80213502500956 91.1928744080443 21.866585098557966 22.70053375625239 22.798218602011076
 188962552 4 16537.905 17040.968 17179.966 87.9920493439859 88.70977376402561 91.40821742536313 21.998012335996474 22.177443441006403 22.852054356340783
 207858800 4 18044.949 18929.005 22290.945 74.59847036543314 87.84774477052544 92.15157105736347 18.649617591358286 21.96193619263136 23.037892764340867
 228644680 4 19840.956 19943.953 21361.828 85.62738357410235 91.71488921980512 92.1909932162543 21.40684589352559 22.92872230495128 23.047748304063575
 251509144 4 21954.06 21981.955 22844.076 88.07855270661855 91.53294836605752 91.64925084471848 22.019638176654638 22.88323709151438 22.91231271117962
 276660056 2 11893.988 12132.883 13754.129 80.45876434632828 91.20999716225731 93.04198255454773 20.11469108658207 22.802499290564327 23.260495638636932
 304326056 2 13227.94 13289.928 15797.138 77.05852946274192 91.59599841323445 92.02523023237178 19.26463236568548 22.898999603308614 23.006307558092946
 334758656 2 14601.946 14737.129 15595.913 85.85804652795895 90.8612948967197 91.7024774643051 21.464511631989737 22.715323724179925 22.925619366076276
 368234520 2 16036.987 16489.029 19835.949 74.25599249120876 89.32836979060441 91.84631003317519 18.56399812280219 22.332092447651103 22.961577508293797
 405057968 2 17729.044 17748.117 19935.131 81.27520566581678 91.29035333720192 91.38856398573999 20.318801416454196 22.82258833430048 22.847140996434998
 445563760 2 19328.833 20733.833 21098.137 84.47452208695015 85.95878244027527 92.20706909723934 21.118630521737536 21.489695610068818 23.051767274309835
 490120136 2 21471.977 21541.119 26865.005 72.97525327093742 91.01108182912876 91.30414698190111 18.243813317734354 22.75277045728219 22.826036745475278
 539132144 1 11883.02 12073.04 12783.051 84.35109020530388 89.31174650295203 90.7399203232848 21.08777255132597 22.32793662573801 22.6849800808212
 593045352 1 12883.902 13772.011 14111.042 84.05408360346458 86.12327596891986 92.05989800294972 21.013520900866144 21.530818992229964 23.01497450073743
 652349880 1 14232.874 16198.158 17350.912 75.1948808224029 80.54618062127805 91.66804680488285 18.798720205600723 20.136545155319514 22.917011701220712
 717584864 1 15532.97 16417.027 17174.006 83.56639260519647 87.41958748072962 92.3950621162598 20.891598151299117 21.854896870182404 23.09876552906495
 789343344 1 17275.095 17344.952 18878.937 83.62158780444045 91.01706871255682 91.38512338137647 20.905396951110113 22.754267178139205 22.84628084534412
 868277672 1 18876.076 18965.96 20586.014 84.35607514888505 91.56168967982637 91.99768765499778 21.089018787221264 22.890422419956593 22.999421913749444
 955105432 1 20874.977 21011.829 24635.792 77.53803344337376 90.91121310762617 91.50720807979812 19.38450836084344 22.727803276906542 22.87680201994953
 1050615968 1 22901.058 23828.983 26478.052 79.35749714518273 88.17967329952772 91.7526140495343 19.839374286295683 22.04491832488193 22.938153512383575
 
META_DATA
 FLOPS          4
 ERT_VERSION  1.1.0
 HOSTNAME  ('berks-mbp.attlocal.net', ['80.1.168.192.in-addr.arpa'], ['192.168.1.80'])
 UNAME  uname_result(system='Darwin', node='Berks-MBP.attlocal.net', release='23.1.0', version='Darwin Kernel Version 23.1.0: Mon Oct  9 21:27:24 PDT 2023; root:xnu-10002.41.9~6/RELEASE_ARM64_T6000', machine='arm64')
 TIMESTAMP_DATA  1706030322.755404
 CONFIG  {'ERT_RESULTS': ['results.m1.pro.01'], 'ERT_DRIVER': ['driver1'], 'ERT_KERNEL': ['kernel1'], 'ERT_SPEC_GBYTES_DRAM': ['243'], 'ERT_SPEC_GFLOPS': ['29.73'], 'ERT_FLOPS': ['1,2,4,8,16'], 'ERT_ALIGN': ['64'], 'ERT_CC': ['clang'], 'ERT_CFLAGS': ['-O3', '-std=gnu++11'], 'ERT_LD': ['clang'], 'ERT_LDFLAGS': [], 'ERT_LDLIBS': [], 'ERT_PRECISION': ['FP64'], 'ERT_RUN': ['export', 'OMP_NUM_THREADS=1;', 'export', 'OMP_PROC_BIND=false;', 'export', 'OMP_PLACES=threads;', 'mpirun', '-np', '1', 'ERT_CODE'], 'ERT_NUM_EXPERIMENTS': ['5'], 'ERT_MEMORY_MAX': ['1073741824'], 'ERT_WORKING_SET_MIN': ['1'], 'ERT_TRIALS_MIN': ['1'], 'ERT_GNUPLOT': ['gnuplot'], 'ERT_MPI': [False], 'ERT_OPENMP': [False], 'ERT_GPU': [False], 'ERT_HIP': [False], 'ERT_OCL': [False], 'ERT_SYCL': [False], 'ERT_WSS_MULT': [1.1]}
 TIMESTAMP_DATA  1706030337.6347609
 TIMESTAMP_DATA  1706030352.6905138
 TIMESTAMP_DATA  1706030367.242589
 TIMESTAMP_DATA  1706030381.952493
 