fp64
 8 134217728 589264.154 591252.804 594280.958 3.6135831362108024 3.6320904247246495 3.644348011706818 0.4516978920263503 0.4540113030905812 0.45554350146335226
 16 67108864 355002.165 355327.129 355566.025 6.0396199215040305 6.043680520661849 6.049212820997867 0.7549524901880038 0.7554600650827311 0.7561516026247334
 24 33554432 188987.017 191771.984 192816.973 8.353065142247617 8.398582016025864 8.522345934482898 1.0441331427809522 1.049822752003233 1.0652932418103622
 32 33554432 279011.965 279439.926 279899.12 7.6723486947726025 7.6849564009689875 7.696743929960136 0.9590435868465753 0.9606195501211234 0.962092991245017
 40 16777216 164922.953 165121.078 166711.092 8.050917691787419 8.128443056797389 8.138207906088123 1.0063647114734273 1.0160553820996736 1.0172759882610154
 48 16777216 182385.206 182466.03 183037.996 8.799335499717774 8.826918281720712 8.830829930361785 1.0999169374647217 1.103364785215089 1.1038537412952232
 56 16777216 199643.135 200125.933 200893.879 9.35343675652756 9.389328828263352 9.412035089511091 1.169179594565945 1.173666103532919 1.1765043861888864
 64 16777216 73153.973 73505.878 73602.915 29.176611388285373 29.215128183354263 29.355666684022754 3.6470764235356716 3.651891022919283 3.6694583355028443
 72 8388608 36593.199 36633.015 36787.033 32.83655825138167 32.97461462017254 33.010493343312234 4.1045697814227085 4.121826827521567 4.126311667914029
 80 8388608 52466.869 52675.009 52849.054 25.39642961253384 25.48034268015028 25.581425108481316 3.17455370156673 3.185042835018785 3.1976781385601645
 88 8388608 66202.879 66226.006 66496.134 22.202719454336993 22.29328170567919 22.30106953505753 2.775339931792124 2.7866602132098985 2.787633691882191
 96 8388608 79146.862 79258.919 79319.0 20.305509852620432 20.320902130900876 20.34967268822357 2.538188731577554 2.5401127663626095 2.5437090860279463
 104 8388608 90740.919 90824.127 91094.017 19.154171936451103 19.211089846203535 19.228706114382646 2.394271492056388 2.401386230775442 2.403588264297831
 112 8388608 104432.106 104510.784 104742.05 17.93976909942091 17.979466999309853 17.993012531988967 2.242471137427614 2.2474333749137316 2.249126566498621
 120 8388608 115664.959 115782.022 115807.056 17.384656769100495 17.388415621209308 17.40601421040576 2.173082096137562 2.1735519526511635 2.17575177630072
 128 8388608 51265.955 51486.969 51608.801 41.610802932623834 41.709265270596916 41.88907917544889 5.201350366577979 5.2136581588246145 5.2361348969311114
 136 4194304 25480.986 25532.007 25552.034 44.64813595661308 44.68315741884294 44.77262724448732 5.581016994576635 5.585394677355367 5.596578405560915
 144 4194304 24911.88 24942.16 24962.187 48.39157530548104 48.43043072452426 48.48929715461057 6.04894691318513 6.053803840565532 6.061162144326321
 152 4194304 27963.877 28021.097 28064.966 45.43274401258851 45.5038721717426 45.59698270736923 5.6790930015735634 5.687984021467825 5.699622838421154
 160 4194304 39492.846 39624.214 39682.865 33.82259017840572 33.87265372633007 33.985326861477645 4.227823772300715 4.234081715791259 4.248165857684706
 176 4194304 52780.151 52914.858 53042.889 27.833985588530062 27.90133175827477 27.97254232940713 3.4792481985662578 3.4876664697843465 3.4965677911758912
 192 4194304 30555.964 30647.993 30653.0 52.54339660065899 52.55198067945265 52.71025767670102 6.567924575082373 6.568997584931581 6.588782209587627
 208 4194304 30345.917 30402.899 30423.88 57.35068847234475 57.39026610587366 57.498030591726724 7.168836059043094 7.173783263234207 7.187253823965841
 224 4194304 32807.827 32830.0 32886.982 57.13653481490031 57.235704904051175 57.27438735884581 7.1420668518625385 7.154463113006397 7.159298419855726
 240 4194304 41383.028 41416.168 41426.182 48.598876913156026 48.61062761769752 48.649555561763144 6.074859614144503 6.07632845221219 6.081194445220393
 264 2097152 18795.013 18864.87 18919.945 58.525342224832045 58.69620389644879 58.914364996714816 7.315667778104006 7.337025487056099 7.364295624589352
 288 2097152 18837.214 18866.062 18894.911 63.9304176664288 64.02817673343804 64.12623183024834 7.9913022083036 8.003522091679756 8.015778978781043
 312 2097152 21772.861 21847.01 21868.944 59.839325026393595 59.899402618481886 60.10339422090647 7.479915628299199 7.487425327310236 7.512924277613309
 336 2097152 20786.047 20857.811 20885.944 67.47533862965447 67.56634931633046 67.79962269882292 8.43441732870681 8.445793664541307 8.474952837352864
 368 2097152 19269.943 19304.037 19712.925 78.29907900527193 79.95756908257066 80.09903672263069 9.787384875658992 9.994696135321332 10.012379590328836
 400 2097152 16831.16 16863.108 16921.043 99.15001102473411 99.49065142677138 99.67949921455204 12.393751378091764 12.436331428346422 12.459937401819005
 440 2097152 14173.985 14323.95 14487.028 127.38939691426012 128.83972367957162 130.20288648534623 15.923674614282515 16.104965459946452 16.27536081066828
 480 2097152 13638.973 13685.942 13977.051 144.04082234514277 147.10466550274725 147.61125489433843 18.005102793142846 18.388083187843407 18.451406861792304
 528 1048576 7233.858 7246.017 7292.032 151.8501641243483 152.81447117775187 153.0713287432515 18.98127051554354 19.101808897218984 19.13391609290644
 576 1048576 7368.088 7386.923 7463.932 161.83957088569403 163.5267555922811 163.94477807539758 20.229946360711754 20.440844449035136 20.493097259424697
 632 1048576 8908.987 8931.875 9084.94 145.8897982815517 148.38990290392556 148.77113009593575 18.23622478519396 18.548737862990695 18.59639126199197
 688 1048576 9680.033 9739.876 9930.849 145.28874379219744 148.1374686905665 149.0532703762477 18.16109297402468 18.51718358632081 18.631658797030962
 752 1048576 10281.801 10349.035 10416.031 151.4068366347988 152.38699105762035 153.38346890783043 18.92585457934985 19.048373882202544 19.172933613478804
 824 1048576 11533.022 11582.851 11713.028 147.53258064439015 149.1906654069883 149.83525115967 18.44157258054877 18.648833175873538 18.72940639495875
 904 1048576 12037.992 12099.981 12202.024 155.3697491498132 156.6800318116202 157.48684730808927 19.42121864372665 19.585003976452526 19.68585591351116
 992 1048576 14099.836 14158.01 14194.012 146.56707236826347 146.93977359812573 147.54602706017292 18.320884046032933 18.367471699765716 18.443253382521615
 1088 524288 6902.933 6910.086 6958.008 163.96225586403466 165.09934724401404 165.2704275124791 20.495281983004332 20.637418405501755 20.658803439059888
 1192 524288 8051.157 8073.092 8101.94 154.27201287592848 154.8232810923002 155.2450898672079 19.28400160949106 19.352910136537524 19.405636233400987
 1304 524288 9762.049 9772.062 9797.096 139.56616368768866 139.92370330847265 140.0672240018463 17.445770460961082 17.49046291355908 17.50840300023079
 1432 524288 9562.016 9605.885 9668.827 155.29917248493535 156.31676123543016 157.03391753370838 19.41239656061692 19.53959515442877 19.629239691713547
 1568 524288 11116.028 11140.823 11307.955 145.3991608562291 147.5804047869713 147.90959216727416 18.174895107028636 18.44755059837141 18.48869902090927
 1720 524288 12047.052 12076.139 12104.988 148.99235918284265 149.34829087343232 149.70888479604804 18.62404489785533 18.66853635917904 18.713610599506005
 1888 524288 12619.019 12778.044 12833.118 154.26582129144296 154.9307145913725 156.88315296141482 19.28322766143037 19.36633932392156 19.610394120176853
 2072 262144 7503.986 7539.034 7590.055 143.12475153342103 144.0933594410106 144.76635963873065 17.89059394167763 18.011669930126324 18.09579495484133
 2272 262144 7908.821 7954.836 7956.028 149.720732003457 149.7431670495784 150.61440080639073 18.715091500432123 18.7178958811973 18.82680010079884
 2496 262144 8357.048 8388.996 8435.965 155.12426236950958 155.99278483384663 156.58912668683965 19.390532796188698 19.49909810423083 19.573640835854956
 2744 262144 9492.874 9516.954 9578.943 150.18841556944227 151.16667286612923 151.55012823303036 18.773551946180284 18.895834108266154 18.943766029128795
 3016 262144 10218.859 10271.072 10322.094 153.19106840143098 153.95205174299235 154.738665833436 19.148883550178873 19.244006467874044 19.3423332291795
 3312 262144 11693.954 11746.168 11886.835 146.08109357957775 147.83049723109698 148.49056666376487 18.26013669744722 18.478812153887123 18.56132083297061
 3640 262144 12462.139 12501.001 12562.037 151.91869917275358 152.6604405519206 153.1364976750781 18.989837396594197 19.082555068990075 19.14206220938476
 4000 262144 13565.063 13657.093 13687.849 153.21267790139999 153.5577153937518 154.59950315011437 19.151584737674998 19.194714424218976 19.324937893764297
 4400 131072 7573.128 7606.983 7651.806 150.74004751296624 151.62826050748373 152.30610125697072 18.84250593912078 18.953532563435466 19.03826265712134
 4840 131072 8396.149 8441.925 8469.105 149.8124016646387 150.29474438590725 151.11415483455573 18.72655020807984 18.786843048238406 18.889269354319467
 5320 131072 8619.785 8647.919 8709.908 160.1171998602052 161.26493321688142 161.791283657307 20.01464998252565 20.158116652110177 20.223910457163374
 5848 131072 9602.785 9647.846 9731.054 157.53875294495336 158.89744840454543 159.64307354585156 19.69234411811917 19.86218105056818 19.955384193231446
 6432 131072 11221.17 11240.005 11365.891 148.34826482147332 150.0097382518958 150.26153315563351 18.543533102684165 18.751217281486976 18.78269164445419
 7072 131072 11582.851 11610.985 11744.976 157.84471317778767 159.66624433672078 160.05406337351658 19.73058914722346 19.958280542090097 20.006757921689573
 7776 131072 12932.062 12968.063 13064.861 156.0239901519044 157.1886058850886 157.6261963482699 19.50299876898805 19.648575735636076 19.703274543533738
 8552 65536 7146.835 7169.008 7182.837 156.0564083522987 156.3574408063152 156.84253855028135 19.507051044037336 19.5446801007894 19.60531731878517
 9400 65536 7881.165 7911.921 7973.194 154.52738262733854 155.7241029074987 156.33181135022548 19.315922828417317 19.465512863437336 19.541476418778185
 10336 65536 8646.011 8705.139 8900.881 152.20517968951614 155.62763466499504 156.69193481248175 19.025647461189518 19.45345433312438 19.58649185156022
 11368 65536 9538.889 9577.99 9666.92 154.13663255721573 155.56776484418967 156.20545495392597 19.267079069651967 19.44597060552371 19.525681869240746
 12504 65536 10550.976 10580.063 10586.023 154.81964171058385 154.90685528054038 155.33390351755136 19.35245521382298 19.363356910067548 19.41673793969392
 13752 65536 11617.899 11689.901 11799.097 152.7661094743098 154.19310599807477 155.14871871411518 19.095763684288723 19.274138249759346 19.393589839264397
 15120 65536 12863.874 12887.955 12940.168 153.15169323922223 153.77215702568793 154.0600164460566 19.14396165490278 19.22151962821099 19.257502055757076
 16632 32768 7019.997 7030.964 7158.041 152.27556701617104 155.02778168114642 155.26997404699745 19.03444587702138 19.378472710143303 19.40874675587468
 18288 32768 7759.094 7771.969 7837.057 152.93015834898227 154.210904340972 154.4667931590982 19.116269793622784 19.2763630426215 19.308349144887273
 20112 32768 8479.118 8523.941 8543.015 154.28511269147955 154.63035607590433 155.4477755823188 19.285639086434944 19.32879450948804 19.43097194778985
 22120 32768 9397.03 9425.163 9493.113 152.70610599494606 153.8070291198147 154.26749941204827 19.088263249368257 19.225878639976838 19.283437426506033
 24328 32768 10342.121 10387.897 10511.875 151.67225713776088 153.48244288521536 154.16178248156257 18.95903214222011 19.18530536065192 19.27022281019532
 26760 32768 11363.029 11406.898 11612.177 151.02623392667888 153.74410817033694 154.33766471950392 18.87827924083486 19.218013521292118 19.29220808993799
 29432 32768 12501.001 12555.838 12658.119 152.3808989313499 153.62220761370128 154.2960881292626 19.047612366418736 19.20277595171266 19.287011016157827
 32368 32768 13745.07 13773.918 13886.929 152.7529411290286 154.0062346820999 154.32946125410783 19.094117641128577 19.250779335262486 19.29118265676348
 35600 16384 7587.91 7630.825 7669.926 152.09283635852546 152.87217306123517 153.73677336710637 19.011604544815683 19.109021632654397 19.217096670888296
 39160 16384 8355.141 8371.115 8391.857 152.90952646118728 153.2884066220569 153.58147516600857 19.11369080764841 19.161050827757112 19.19768439575107
 43072 16384 9151.936 9227.037 9437.799 149.54580999235097 152.9617033073564 154.2169106077665 18.69322624904387 19.12021291341955 19.27711382597081
 47376 16384 10101.08 10144.234 10792.017 143.84862143934726 153.03440042885447 153.68819650968015 17.981077679918407 19.12930005360681 19.21102456371002
 52112 16384 11106.014 11147.022 11424.065 149.47446605039448 153.18943624584213 153.7550750431253 18.68430825629931 19.148679530730266 19.21938438039066
 57320 16384 12217.999 12297.153 12382.03 151.6925544518952 152.73956175059382 153.72908116951066 18.9615693064869 19.092445218824228 19.216135146188833
 63048 16384 13463.02 13490.915 13789.892 149.8167544749444 153.13689723788193 153.45419259571773 18.72709430936805 19.14211215473524 19.181774074464716
 69352 8192 7421.017 7453.918 7472.992 152.04929538262584 152.438377776627 153.11421170440653 19.00616192282823 19.054797222078374 19.139276463050816
 76280 8192 8152.008 8176.088 8309.126 150.40950395986292 152.85690662820653 153.3084265864312 18.801187994982865 19.107113328525816 19.1635533233039
 83904 8192 8964.062 8992.91 9022.951 152.35405090862182 152.86299273538822 153.35493395739564 19.044256363577727 19.107874091923527 19.169366744674456
 92288 8192 9857.893 9883.881 10038.137 150.63020080319683 152.98105997026877 153.38435830050094 18.828775100399604 19.122632496283597 19.173044787562617
 101512 8192 10823.965 10875.94 10993.004 151.29373263213586 152.92219412758806 153.65650276954887 18.911716579016982 19.115274265948507 19.207062846193608
 111656 8192 11934.996 12047.052 12082.815 151.4027901610676 151.85224601006124 153.277965405267 18.92534877013345 18.981530751257655 19.159745675658375
 122816 8192 13128.996 13168.097 13391.018 150.26619664016584 152.81003352268746 153.26513497300178 18.78327458002073 19.101254190335933 19.158141871625222
 135096 4096 8148.909 8157.969 8238.077 134.3403845339149 135.65955349916138 135.8103805061512 16.79254806673936 16.957444187395172 16.9762975632689
 148600 4096 10995.15 11044.025 11118.889 109.48316868708736 110.22532093145391 110.71528810430053 13.68539608588592 13.778165116431738 13.839411013037566
 163456 4096 12095.928 12163.877 12197.971 109.77494142263497 110.08262842513123 110.70101872299504 13.721867677829371 13.760328553141404 13.83762734037438
 179800 4096 13213.158 13364.077 13411.045 109.82899542876785 110.21498903366093 111.47385053595818 13.728624428595982 13.776873629207616 13.934231316994772
 197776 4096 14568.09 14711.142 14789.104 109.55234285998667 110.13291775716665 111.21437278325436 13.694042857498333 13.766614719645831 13.901796597906795
 217552 4096 16031.981 16154.051 16217.947 109.88974029820174 110.32439999106107 111.16442715345035 13.736217537275218 13.790549998882634 13.895553394181293
 239304 4096 17756.939 17819.166 17891.169 109.5724023399477 110.01515828518573 110.4006928221131 13.696550292493463 13.751894785648217 13.800086602764138
 263232 2048 9691.0 9763.956 9793.997 110.08766614896862 110.42637553876727 111.25768981529255 13.760958268621078 13.80329694234591 13.907211226911569
 289552 2048 10732.889 10766.029 10825.872 109.55283712942479 110.16178685753123 110.50193400863459 13.694104641178098 13.770223357191403 13.812741751079324
 318504 2048 11776.924 11792.898 11892.08 109.70262426757978 110.62525801545982 110.7753080515761 13.712828033447472 13.828157251932478 13.846913506447013
 350352 2048 12947.798 12964.01 13008.118 110.31894021871572 110.69428301891159 110.83288386179643 13.789867527339466 13.836785377363949 13.854110482724554
 385384 2048 14214.993 14256.954 14297.962 110.40264787387183 110.7202046103256 111.04703772981105 13.800330984233979 13.8400255762907 13.880879716226382
 423920 2048 15630.007 15640.02 15676.022 110.76638703364921 111.02136186526614 111.09248511532975 13.845798379206151 13.877670233158268 13.886560639416219
 466312 2048 17169.952 17219.067 17267.942 110.61039885355187 110.92435798060372 111.24165938262377 13.826299856693984 13.865544747575465 13.90520742282797
 512936 2048 18872.023 18937.826 18969.059 110.75857036450779 110.94123771123463 111.3280677964413 13.844821295563474 13.86765471390433 13.916008474555163
 564224 1024 10384.083 10411.978 10460.854 110.4623725749351 110.9809060295748 111.27903657934937 13.807796571866888 13.87261325369685 13.90987957241867
 620640 1024 11429.071 11466.026 11548.996 110.058980018696 110.85538442002486 111.21382656560624 13.757372502337 13.856923052503108 13.90172832070078
 682704 1024 12567.997 12605.19 12661.934 110.42371505016533 110.92080262177721 111.24905519948804 13.802964381270666 13.865100327722152 13.906131899936005
 750968 1024 13803.005 13854.027 13929.844 110.40916639123884 111.01338722668868 111.42374171421369 13.801145798904855 13.876673403336085 13.927967714276711
 826064 1024 15141.01 15253.067 15285.969 110.67529130799625 110.91402614307013 111.7348890199531 13.83441141349953 13.864253267883766 13.966861127494138
 908664 1024 16706.944 16742.945 16860.962 110.36997011202564 111.14794153597232 111.38744895535655 13.796246264003205 13.89349269199654 13.923431119419568
 999528 1024 18374.92 18436.909 18453.836 110.92725349894732 111.02909625469213 111.40366020641179 13.865906687368415 13.878637031836517 13.925457525801473
 1099480 512 10109.901 10133.982 10182.142 110.57275767711744 111.09823561952251 111.36286299935084 13.82159470963968 13.887279452440314 13.920357874918855
 1209424 512 11132.956 11149.883 11170.864 110.86431416585145 111.07293018231671 111.24180999188356 13.858039270731432 13.884116272789589 13.905226248985445
 1330360 512 12186.05 12237.072 12297.869 110.77436586777758 111.32472212306998 111.79082967819762 13.846795733472197 13.915590265383747 13.973853709774703
 1463392 512 13422.966 13501.883 13590.097 110.26510024174222 110.98551276144224 111.63802456178463 13.783137530217777 13.87318909518028 13.954753070223079
 1609728 512 14811.993 14834.881 14975.071 110.07369995107202 111.11389919474244 111.28559620572328 13.759212493884002 13.889237399342806 13.91069952571541
 1770696 512 16260.862 16355.038 16577.005 109.37999379260607 110.86447515438363 111.50655506454703 13.672499224075759 13.858059394297953 13.938319383068379
 1947760 512 17899.036 17960.072 18120.05 110.07178457013089 111.05224077052698 111.43093069369769 13.758973071266361 13.881530096315872 13.928866336712211
 2142536 256 9891.987 9924.889 10030.031 109.36939596697158 110.52803028829845 110.89566049773418 13.671174495871448 13.816003786037307 13.861957562216773
 2356784 256 10823.965 10962.963 10977.03 109.92713038043986 110.06818211463452 111.48164355668186 13.740891297554983 13.758522764329316 13.935205444585232
 2592456 256 11924.028 12016.058 12052.059 110.13366861214338 110.46363724276296 111.3161988549507 13.766708576517923 13.80795465534537 13.914524856868837
 2851696 256 13095.14 13180.017 13252.02 110.17704108505723 110.77894300136334 111.4969639118024 13.772130135632153 13.847367875170418 13.9371204889753
 3136864 256 14467.001 14491.081 15159.13 105.94766111247809 110.83192261502093 111.0163998744453 13.243457639059761 13.853990326877616 13.877049984305662
 3450544 256 15852.928 16011.0 16017.914 110.29392016963007 110.34154818562237 111.44178084956924 13.786740021203759 13.792693523202797 13.930222606196155
 3795592 256 17425.06 17622.948 17829.895 108.99352486371905 110.27344028933184 111.52576255117627 13.62419060796488 13.78418003616648 13.940720318897034
 4175144 256 19196.033 19270.897 19407.034 110.14942973769203 110.92756751281479 111.36018197093121 13.768678717211504 13.865945939101849 13.920022746366401
 4592656 128 10540.009 10615.826 10628.939 110.6149857478719 110.75162083478008 111.54828577470853 13.826873218483987 13.84395260434751 13.943535721838566
 5051920 128 11590.958 11668.921 11815.071 109.46117209113682 110.83214292049794 111.57762110776348 13.682646511392102 13.854017865062243 13.947202638470435
 5557112 128 12783.051 12865.067 13082.027 108.74619598323716 110.58012150267078 111.28960308458443 13.593274497904645 13.822515187833847 13.911200385573053
 6112816 128 14080.048 14132.977 14256.954 109.7626390602088 110.72549654612753 111.14173019864704 13.7203298825261 13.840687068265941 13.89271627483088
 6724096 128 15496.969 15635.967 15718.937 109.5092229200995 110.09031779102628 111.07775823775604 13.688652865012438 13.761289723878285 13.884719779719505
 7396504 128 17015.934 17439.842 17512.798 108.12121649550232 108.57351941605893 111.27834792965228 13.51515206193779 13.571689927007366 13.909793491206536
 8136152 128 18790.96 19289.97 19763.947 105.38658659629071 107.9760576092135 110.84345408643307 13.173323324536339 13.497007201151687 13.855431760804134
 8949760 64 10489.225 10928.154 11147.976 102.76029298950768 104.8273368036358 109.21391046526315 12.84503662368846 13.103417100454475 13.651738808157894
 9844736 64 12102.842 12393.951 12539.864 100.4896231729467 101.67267951922676 104.11820694676506 12.561202896618337 12.709084939903345 13.014775868345632
 10829208 64 13760.805 13961.077 14136.076 98.05681746476179 99.28593789719805 100.73092555268387 12.257102183095224 12.410742237149757 12.591365694085484
 11912128 64 15343.904 15429.02 15626.907 97.57224407875468 98.82367020069971 99.37186676871805 12.196530509844335 12.352958775087464 12.421483346089756
 13103336 64 16879.797 17081.976 17125.13 97.93951975839015 98.18694324356855 99.36298451930436 12.242439969798768 12.273367905446069 12.420373064913045
 14413664 64 18143.177 18373.966 18522.978 99.6032599077751 100.41103766056821 101.68830916437622 12.450407488471887 12.551379707571027 12.711038645547028
 15855024 64 19478.083 19794.941 19853.115 102.22290416390575 102.52332007455844 104.19110915586508 12.777863020488219 12.815415009319805 13.023888644483135
 17440520 32 10486.841 10535.955 10648.966 104.81705735561556 105.94134845868268 106.43751345138159 13.102132169451945 13.242668557335335 13.304689181422699
 19184568 32 11335.85 11451.006 11571.884 106.10306428927217 107.22309917574054 108.31233229091775 13.262883036159021 13.402887396967568 13.539041536364719
 21103024 32 12547.97 12574.911 12695.074 106.38721255189218 107.40382464734742 107.63442501057942 13.298401568986522 13.425478080918428 13.454303126322428
 23213320 32 13786.077 13878.822 14116.049 105.24563070020513 107.04456617427617 107.76470202509387 13.15570383752564 13.380570771784521 13.470587753136734
 25534648 32 15321.97 15422.106 15674.114 104.26219127920086 105.96590841743664 106.65844352912845 13.032773909900108 13.24573855217958 13.332305441141056
 28088112 32 17323.017 17460.108 17700.195 101.56041602931494 102.95693291244247 103.77171413039656 12.695052003664367 12.869616614055309 12.97146426629957
 30896920 32 19596.1 19670.963 19949.913 99.11837109264587 100.52394892919071 100.90798066962306 12.389796386580734 12.565493616148839 12.613497583702882
 33986608 16 11181.116 11250.019 11375.189 95.60908886876517 96.67285504140038 97.26859608647295 11.951136108595646 12.084106880175048 12.15857451080912
 37385264 16 12518.883 12601.852 12677.908 94.36323784649645 94.93274861504484 95.56191618693138 11.795404730812056 11.866593576880605 11.945239523366423
 41123784 16 14081.001 14092.922 14158.964 92.94190507158574 93.37744777129966 93.45650128140747 11.617738133948217 11.672180971412457 11.682062660175934
 45236160 16 15692.949 15758.991 15798.807 91.6244574669467 91.85595194514674 92.24251732418169 11.453057183368337 11.481993993143343 11.530314665522711
 49759776 16 17258.883 17430.067 17474.89 91.1200489387916 91.35437241864877 92.26048012493044 11.39000611734895 11.419296552331096 11.532560015616305
 54735752 16 18980.98 19065.142 19109.011 91.6606340328131 91.87154567220112 92.2789057256264 11.457579254101638 11.48394320902514 11.5348632157033
 60209320 16 20912.886 20982.027 21174.908 90.98968647230959 91.82612528331987 92.12971562126815 11.373710809038698 11.478265660414984 11.516214452658518
 66230248 16 22812.843 22974.014 23229.122 91.23753949891005 92.25065920130457 92.90240308934753 11.404692437363757 11.531332400163071 11.612800386168441
 72853272 8 12639.046 12661.934 12753.01 91.40213580950693 92.05958205120955 92.22629239580264 11.425266976188366 11.507447756401193 11.52828654947533
 80138592 8 13854.027 13956.07 14087.915 91.01541796639175 91.87525370681001 92.55196860811661 11.376927245798969 11.484406713351252 11.568996076014576
 88152448 8 15121.937 15302.181 15388.966 91.65262747347677 92.17242744678029 93.27106494359816 11.456578434184596 11.521553430847536 11.65888311794977
 96967688 8 16803.026 16886.95 16930.819 91.63661887827163 91.87467292791177 92.33354801688694 11.454577359783954 11.484334115988972 11.541693502110867
 106664456 8 18514.872 18582.106 18740.892 91.0645713128276 91.84272740667824 92.17624059188745 11.38307141410345 11.48034092583478 11.522030073985931
 117330896 8 20343.065 20406.961 20572.901 91.25083215050711 91.99284185430649 92.28178428373504 11.406354018813389 11.499105231788311 11.53522303546688
 129063984 8 22381.067 22445.917 22481.918 91.85264993849724 91.99997237804985 92.26654582643447 11.481581242312155 11.49999654725623 11.533318228304308
 141970376 4 12184.858 12316.942 12397.051 91.61557922121963 92.21144404187339 93.21101714931763 11.451947402652454 11.526430505234174 11.651377143664703
 156167408 4 13525.963 13625.145 13688.803 91.26723965565142 91.6936490584137 92.36601223883284 11.408404956956428 11.461706132301712 11.545751529854105
 171784144 4 14871.12 14912.844 16827.106 81.67020235089741 92.15365975799116 92.41221589227979 10.208775293862177 11.519207469748896 11.551526986534974
 188962552 4 16301.87 16442.776 17069.101 88.56356383385393 91.93705588399428 92.73171826299682 11.070445479231742 11.492131985499284 11.591464782874603
 207858800 4 18002.033 18050.909 19477.844 85.37240569336113 92.12114470246347 92.37125606868958 10.671550711670141 11.515143087807933 11.546407008586197
 228644680 4 19797.087 19913.197 20028.83 91.32622524630744 91.85654317586473 92.39528219479968 11.41577815578843 11.482067896983091 11.54941027434996
 251509144 4 21869.898 21890.163 21928.072 91.75786872644345 91.91677339268786 92.00194495648768 11.469733590805431 11.489596674085982 11.50024311956096
 276660056 2 11963.844 12024.164 12066.841 91.70919083130373 92.03469147626396 92.49871730189729 11.463648853912966 11.504336434532995 11.56233966273716
 304326056 2 13168.097 13235.092 13267.04 91.75401777638417 91.97550149254724 92.44344296674 11.469252222048022 11.496937686568405 11.5554303708425
 334758656 2 14424.086 14518.976 14617.92 91.60226790131564 92.2265195562001 92.83323906970605 11.450283487664455 11.528314944525013 11.604154883713257
 368234520 2 15898.943 15969.038 16038.895 91.83538392139857 92.23712035753186 92.64377386597336 11.479422990174822 11.529640044691483 11.58047173324667
 405057968 2 17568.827 17606.974 17626.047 91.92258888223775 92.02216530790585 92.22197201896289 11.490323610279718 11.502770663488231 11.527746502370361
 445563760 2 19361.973 19394.875 19451.857 91.6239020264235 91.89309237620763 92.04924725388264 11.452987753302937 11.486636547025954 11.50615590673533
 490120136 2 21172.047 21294.832 21387.1 91.6664972810713 92.06367742182704 92.59759077617767 11.458312160133913 11.50795967772838 11.574698847022209
 539132144 1 11642.933 11682.987 11735.201 91.88289898059693 92.29354513533227 92.61105324577578 11.485362372574617 11.536693141916533 11.576381655721972
 593045352 1 12735.844 12851.954 12930.87 91.72551452454475 92.28874488657522 93.13012188277432 11.465689315568094 11.536093110821902 11.64126523534679
 652349880 1 14025.927 14218.092 14633.179 89.16037724953684 91.76335052551356 93.02057254397518 11.145047156192105 11.470418815689195 11.627571567996897
 717584864 1 15443.087 15762.091 15850.067 90.54660324148789 91.05198847031146 92.93282670750997 11.318325405185986 11.381498558788932 11.616603338438747
 789343344 1 17038.107 17148.972 17437.935 90.53174518657167 92.05721998962969 92.6562257180331 11.316468148321459 11.50715249870371 11.582028214754137
 868277672 1 18851.042 18887.997 19313.812 89.91261507567742 91.93962409036807 92.11985968733185 11.239076884459678 11.492453011296009 11.514982460916482
 955105432 1 20524.979 20740.986 20821.095 91.74401557651025 92.09836330828246 93.06761600097131 11.468001947063781 11.512295413535307 11.633452000121414
 1050615968 1 22714.138 22895.098 23020.029 91.27842262926777 91.77649888198775 92.50766795552622 11.40980282865847 11.472062360248469 11.563458494440777
 
META_DATA
 FLOPS          2
 ERT_VERSION  1.1.0
 HOSTNAME  ('berks-mbp.attlocal.net', ['80.1.168.192.in-addr.arpa'], ['192.168.1.80'])
 UNAME  uname_result(system='Darwin', node='Berks-MBP.attlocal.net', release='23.1.0', version='Darwin Kernel Version 23.1.0: Mon Oct  9 21:27:24 PDT 2023; root:xnu-10002.41.9~6/RELEASE_ARM64_T6000', machine='arm64')
 TIMESTAMP_DATA  1706030251.960553
 CONFIG  {'ERT_RESULTS': ['results.m1.pro.01'], 'ERT_DRIVER': ['driver1'], 'ERT_KERNEL': ['kernel1'], 'ERT_SPEC_GBYTES_DRAM': ['243'], 'ERT_SPEC_GFLOPS': ['29.73'], 'ERT_FLOPS': ['1,2,4,8,16'], 'ERT_ALIGN': ['64'], 'ERT_CC': ['clang'], 'ERT_CFLAGS': ['-O3', '-std=gnu++11'], 'ERT_LD': ['clang'], 'ERT_LDFLAGS': [], 'ERT_LDLIBS': [], 'ERT_PRECISION': ['FP64'], 'ERT_RUN': ['export', 'OMP_NUM_THREADS=1;', 'export', 'OMP_PROC_BIND=false;', 'export', 'OMP_PLACES=threads;', 'mpirun', '-np', '1', 'ERT_CODE'], 'ERT_NUM_EXPERIMENTS': ['5'], 'ERT_MEMORY_MAX': ['1073741824'], 'ERT_WORKING_SET_MIN': ['1'], 'ERT_TRIALS_MIN': ['1'], 'ERT_GNUPLOT': ['gnuplot'], 'ERT_MPI': [False], 'ERT_OPENMP': [False], 'ERT_GPU': [False], 'ERT_HIP': [False], 'ERT_OCL': [False], 'ERT_SYCL': [False], 'ERT_WSS_MULT': [1.1]}
 TIMESTAMP_DATA  1706030266.119328
 TIMESTAMP_DATA  1706030280.100759
 TIMESTAMP_DATA  1706030294.125731
 TIMESTAMP_DATA  1706030308.1290529
 