fp64
 8 134217728 591299.057 593777.895 600926.876 3.573618910664265 3.61664465127992 3.631806312858706 0.22335118191651657 0.226040290704995 0.22698789455366913
 16 67108864 354590.893 354760.885 360243.797 5.961195351269296 6.053327012080263 6.0562289962703595 0.372574709454331 0.37833293825501646 0.37851431226689747
 24 33554432 186800.003 192095.041 202727.079 7.944734092479081 8.384457649794301 8.622123715918784 0.49654588077994255 0.5240286031121438 0.538882732244924
 32 33554432 277742.147 279012.203 282617.092 7.598562538461049 7.696737364566095 7.731932914020429 0.4749101586538156 0.48104608528538095 0.4832458071262768
 40 16777216 164640.903 164824.009 168113.947 7.983735460092435 8.14309327957191 8.152149651414389 0.49898346625577716 0.5089433299732444 0.5095093532133993
 48 16777216 182240.963 183447.123 185720.921 8.672220271834641 8.77971106693235 8.837819497255401 0.5420137669896651 0.5487319416832719 0.5523637185784626
 56 16777216 199760.914 200015.783 203460.932 9.235425069221643 9.394499593064612 9.406485755266418 0.5772140668263527 0.5871562245665383 0.5879053597041511
 64 16777216 73112.965 73568.821 73616.028 29.1714142469083 29.190132705810257 29.372131851033537 1.8232133904317687 1.824383294113141 1.835758240689596
 72 8388608 36553.144 36562.92 36790.133 32.83379138640243 33.03783045774243 33.04666630044189 2.052111961650152 2.064864403608902 2.0654166437776182
 80 8388608 52534.819 52799.94 52967.072 25.339842836696732 25.420053128848252 25.548337379824225 1.5837401772935458 1.5887533205530158 1.596771086239014
 88 8388608 66202.164 66462.994 67196.131 21.971428801458824 22.21379024845013 22.301310392210137 1.3732143000911765 1.3883618905281332 1.3938318995131336
 96 8388608 79180.002 79272.032 79921.961 20.1523175338503 20.317540693292685 20.34115553571216 1.2595198458656438 1.2698462933307928 1.27132222098201
 104 8388608 90522.051 90678.93 91312.17 19.108410894188584 19.241851045220763 19.275198084055784 1.1942756808867865 1.2026156903262977 1.2046998802534865
 112 8388608 104455.948 104807.138 106082.916 17.71301414829132 17.9286280291329 17.988905638958922 1.1070633842682076 1.1205392518208062 1.1243066024349326
 120 8388608 115648.031 116224.051 116513.968 17.279180810321385 17.32228314774538 17.408562018665062 1.0799488006450866 1.0826426967340863 1.0880351261665664
 128 8388608 51188.946 51428.08 51512.957 41.6882231784908 41.75702550046589 41.95209739227684 2.605513948655675 2.6098140937791183 2.6220060870173025
 136 4194304 25537.014 25655.985 32153.13 35.48179253466147 44.46723398068716 44.674396466243074 2.217612033416342 2.7792021237929476 2.792149779140192
 144 4194304 24873.018 24953.127 25057.077 48.20831863189788 48.40914535480863 48.565057605795964 3.0130199144936176 3.0255715846755393 3.0353161003622477
 152 4194304 28053.999 28177.023 28390.884 44.91119107104943 45.2520628598699 45.45050479256095 2.8069494419405894 2.828253928741869 2.8406565495350593
 160 4194304 39680.004 39769.888 40282.011 33.31952021958387 33.74858083583238 33.82502884828339 2.082470013723992 2.1092863022395236 2.1140643030177118
 176 4194304 52962.065 53151.846 54176.092 27.251781246975142 27.77692816162961 27.87646229428554 1.7032363279359464 1.7360580101018506 1.7422788933928461
 192 4194304 30614.138 30636.072 30796.766 52.298112600524355 52.572429520337984 52.6100958975229 3.268632037532772 3.285776845021124 3.2881309935951815
 208 4194304 30311.108 30492.067 30554.056 57.106345029936456 57.222439659469465 57.56406080569539 3.5691465643710285 3.5764024787168416 3.597753800355962
 224 4194304 32783.985 32840.014 33015.966 56.913318604701736 57.218251855800055 57.31603988959853 3.5570824127938585 3.5761407409875035 3.582252493099908
 240 4194304 41404.009 41442.871 41597.843 48.39832488429748 48.57930619719855 48.6249029653143 3.0248953052685925 3.0362066373249093 3.0390564353321436
 264 2097152 18848.896 18863.916 18996.0 58.291022109917876 58.69917232455869 58.7459475610667 3.6431888818698672 3.668698270284918 3.6716217225666687
 288 2097152 18789.053 18888.95 18922.091 63.838586972232605 63.95059291278763 64.29060325711998 3.989911685764538 3.9969120570492267 4.018162703569999
 312 2097152 21794.796 21817.923 22405.863 58.405375771511224 59.979258703956376 60.04290418685268 3.6503359857194515 3.7487036689972735 3.7526815116782926
 336 2097152 20854.95 20887.136 21124.84 66.71227540658296 67.47148790528296 67.57561845029596 4.169517212911435 4.216967994080185 4.223476153143498
 368 2097152 19204.14 19370.079 19546.032 78.96763250975954 79.68495492455142 80.37349613156331 4.935477031859971 4.980309682784464 5.023343508222707
 400 2097152 16813.993 16889.811 16967.058 98.88111421555817 99.33335547686116 99.78127146835376 6.180069638472386 6.208334717303822 6.23632946677211
 440 2097152 14215.946 14327.049 14657.021 125.91192712352667 128.81185511405732 129.81856852860867 7.869495445220417 8.050740944628583 8.113660533038042
 480 2097152 13611.078 13654.947 13936.996 144.45479642815425 147.43857445949806 147.91377435350822 9.02842477675964 9.214910903718629 9.244610897094264
 528 1048576 7097.006 7272.959 7299.9 151.68649652734968 152.24838418585887 156.02301252105462 9.480406032959355 9.51552401161618 9.751438282565914
 576 1048576 7344.961 7393.122 7457.972 161.96890414713278 163.3896413450231 164.4609892414677 10.123056509195798 10.211852584063944 10.278811827591731
 632 1048576 8872.032 8964.062 9125.948 145.23423363797383 147.85708354092154 149.390811935755 9.077139602373364 9.241067721307596 9.336925745984688
 688 1048576 9660.959 9732.008 9853.84 146.42419361386018 148.25723283416949 149.34755193557908 9.151512100866261 9.266077052135593 9.334221995973692
 752 1048576 9942.055 10211.945 10303.02 153.06757669110607 154.4327064041179 158.6249828632008 9.56672354319413 9.65204415025737 9.91406142895005
 824 1048576 11527.061 11569.977 11631.966 148.5607203459845 149.35667097696046 149.91273560537243 9.28504502162403 9.334791936060029 9.369545975335777
 904 1048576 12098.074 12114.048 12264.967 154.572401866226 156.49809279276423 156.70472903372885 9.660775116639124 9.781130799547764 9.794045564608053
 992 1048576 14075.041 14183.044 14233.112 146.1644357186257 146.68041529025786 147.805948416065 9.135277232414106 9.167525955641116 9.237871776004063
 1088 524288 6937.027 6942.034 6978.989 163.46933459846406 164.33954198438096 164.45815880491745 10.216833412404004 10.27122137402381 10.27863492530734
 1192 524288 8025.169 8049.965 8146.048 153.43668389874452 155.26807781151842 155.7478218838756 9.589792743671532 9.704254863219901 9.734238867742224
 1304 524288 9792.805 9857.178 9969.95 137.14643543849266 138.71547252164868 139.62731862831947 8.571652214905791 8.669717032603042 8.726707414269967
 1432 524288 9603.977 9645.939 9876.966 152.02652636447263 155.6676682280491 156.34781632650723 9.50165789777954 9.72922926425307 9.771738520406702
 1568 524288 11167.049 11314.869 11384.964 144.41566683917492 145.3103140655009 147.23380975582717 9.025979177448432 9.081894629093807 9.202113109739198
 1720 524288 12043.953 12141.943 12858.868 140.2573476918808 148.53888870998654 149.74740602192654 8.76608423074255 9.283680544374159 9.359212876370409
 1888 524288 12609.959 12722.969 12995.005 152.3440343424262 155.60137637685042 156.99587032757202 9.521502146401637 9.725086023553152 9.812241895473251
 2072 262144 7476.091 7567.883 7616.043 142.63637114443813 143.54407117551895 145.30651593192215 8.914773196527383 8.971504448469934 9.081657245745134
 2272 262144 7876.873 7930.04 8422.852 141.42268390801593 150.21139061089227 151.22528140291206 8.838917744250995 9.388211913180767 9.451580087682004
 2496 262144 8391.857 8419.037 8677.959 150.79845940733298 155.43616781824332 155.939602879315 9.424903712958312 9.714760488640207 9.746225179957188
 2744 262144 9495.02 9523.153 9829.998 146.35265154682637 151.06827245136142 151.51587590126192 9.147040721676648 9.441767028210089 9.46974224382887
 3016 262144 10215.998 10221.958 10493.994 150.68167639508846 154.6917535759783 154.78200054463596 9.417604774693029 9.668234598498644 9.673875034039748
 3312 262144 11723.995 11744.022 11909.008 145.8091098771619 147.8575104849088 148.11008158908288 9.113069367322618 9.2410944053068 9.25688009931768
 3640 262144 12434.959 12486.935 12753.01 149.64375625832645 152.83240603078337 153.47121932609508 9.352734766145403 9.552025376923961 9.591951207880943
 4000 262144 13580.084 13741.016 13907.909 150.78844706274683 152.61986449910253 154.42849985316732 9.424277941421677 9.538741531193908 9.651781240822958
 4400 131072 7590.771 7633.924 7694.96 149.89468431284894 151.09314685343998 151.9521007813304 9.368417769553059 9.443321678339998 9.49700629883315
 4840 131072 8394.003 8445.978 8637.905 146.88480134940127 150.22262193910524 151.1527884848266 9.18030008433758 9.388913871194077 9.447049280301663
 5320 131072 8620.024 8734.226 8892.059 156.8372499552691 159.67139847308735 161.78679780937966 9.802328122204319 9.97946240456796 10.111674863086229
 5848 131072 9643.078 9649.992 9738.922 157.4114786010197 158.8621122172951 158.97601491971756 9.838217412563731 9.928882013580944 9.936000932482347
 6432 131072 11212.111 11287.212 11404.037 147.85204642882167 149.38234596816292 150.382939305542 9.240752901801354 9.336396623010183 9.398933706596376
 7072 131072 11533.976 11622.906 11744.022 157.85753534862246 159.50248311394756 160.7322893683843 9.866095959288904 9.968905194621723 10.045768085524019
 7776 131072 12939.93 13062.0 13216.972 154.22834700716624 156.058164446486 157.53035325538855 9.63927168794789 9.753635277905374 9.845647078461784
 8552 65536 7163.048 7176.876 7267.952 154.22883145073055 156.18602634349543 156.48753770741172 9.63930196567066 9.761626646468464 9.780471106713232
 9400 65536 7884.026 7911.921 7997.036 154.0666817055719 155.7241029074987 156.2750807772577 9.629167606598244 9.732756431718668 9.767192548578606
 10336 65536 8645.058 8669.138 8810.997 153.75787688952795 156.27392158251487 156.70920796598472 9.609867305595497 9.76712009890718 9.794325497874045
 11368 65536 9563.923 9577.99 9660.959 154.23173786370484 155.56776484418967 155.79658012721347 9.639483616481552 9.722985302761854 9.737286257950842
 12504 65536 10534.048 10586.977 10596.037 154.6733262633945 154.80569080295535 155.58352192813246 9.667082891462156 9.67535567518471 9.723970120508278
 13752 65536 11609.077 11658.907 11712.074 153.90119153960262 154.6030124436193 155.2666197321286 9.618824471225164 9.662688277726206 9.704163733258037
 15120 65536 12839.794 12883.186 12962.818 152.88409048094326 153.8290792355245 154.34894360454692 9.555255655058954 9.61431745222028 9.646808975284182
 16632 32768 7006.168 7059.097 7102.013 153.47687366947935 154.40994110153184 155.57645092153086 9.59230460434246 9.65062131884574 9.723528182595679
 18288 32768 7720.947 7768.154 7809.877 153.46238717972125 154.28663849867033 155.22996958792749 9.591399198732578 9.642914906166896 9.701873099245468
 20112 32768 8446.932 8477.926 8683.92 151.7816875328193 155.46963160565448 156.0400902955061 9.486355470801206 9.716851975353405 9.752505643469132
 22120 32768 9361.029 9423.018 9478.092 152.94811656185655 153.84204084084314 154.86078720619284 9.559257285116034 9.615127552552696 9.678799200387052
 24328 32768 10308.027 10432.959 10550.976 151.1101729356602 152.8195220550565 154.6716755786534 9.444385808478762 9.551220128441031 9.666979723665838
 26760 32768 11336.803 11360.884 11418.104 153.5932200302257 154.36680455499766 154.6947018484841 9.599576251889106 9.647925284687354 9.668418865530256
 29432 32768 12511.969 12563.944 12765.884 151.09455420400184 153.52309370369687 154.16083208006668 9.443409637750115 9.595193356481055 9.635052005004168
 32368 32768 13766.05 13829.947 13987.064 151.65936525349423 153.38231216648913 154.09425710352645 9.47871032834339 9.58639451040557 9.630891068970403
 35600 16384 7572.174 7609.129 7652.044 152.44826088297452 153.30805930613082 154.05625914037367 9.528016305185908 9.581753706633176 9.628516196273354
 39160 16384 8340.836 8411.884 8490.801 151.12765921613286 152.54547970466544 153.84487598125656 9.445478701008303 9.53409248154159 9.615304748828535
 43072 16384 9196.997 9228.945 9312.153 151.56358534916683 152.9300798737017 153.4613196024746 9.472724084322927 9.558129992106355 9.591332475154662
 47376 16384 10138.035 10248.184 10358.81 149.8643925315746 151.4821326393047 153.12797479985028 9.366524533223412 9.467633289956543 9.570498424990642
 52112 16384 11099.1 11121.035 11328.936 150.72960214445558 153.54740057917272 153.8508542134047 9.420600134028474 9.596712536198295 9.615678388337793
 57320 16384 12264.967 12305.021 12541.056 149.76902742480377 152.6418979699425 153.1403843157507 9.360564214050235 9.540118623121407 9.57127401973442
 63048 16384 13436.079 13535.976 13854.98 149.11294451525734 152.62710749487144 153.76188722915367 9.319559032203584 9.539194218429465 9.610117951822104
 69352 8192 7393.122 7447.958 7521.868 151.06130126186738 152.56036191396353 153.6919271723096 9.441331328866712 9.53502261962272 9.60574544826935
 76280 8192 8141.041 8195.877 8240.938 151.65403744088354 152.48783260168494 153.514952203287 9.478377340055221 9.530489537605309 9.594684512705438
 83904 8192 8937.12 8985.996 9011.984 152.53945590671265 152.98060849348255 153.81724045330037 9.53371599416954 9.56128803084266 9.613577528331273
 92288 8192 9819.984 9889.841 10081.053 149.98895373330544 152.888867677448 153.9764822427409 9.37430960833159 9.5555542298405 9.623530140171306
 101512 8192 10838.032 10902.882 11037.111 150.6891258047509 152.54430966050995 153.45706748236213 9.41807036279693 9.534019353781872 9.591066717647633
 111656 8192 11918.068 11959.076 11991.978 152.54963809973637 152.96933508909888 153.4956759770124 9.534352381233523 9.56058344306868 9.593479748563276
 122816 8192 13081.074 13139.009 13174.057 152.74090160684744 153.14833439873587 153.8266157656474 9.546306350427965 9.571770899920992 9.614163485352963
 135096 4096 8131.027 8168.936 8373.976 132.16021063351508 135.47742717044179 136.109058794172 8.260013164594692 8.467339198152612 8.50681617463575
 148600 4096 11031.866 11057.854 11461.02 106.21490931871683 110.0874726687475 110.34680805586291 6.638431832419802 6.880467041796718 6.896675503491432
 163456 4096 12118.816 12153.864 12225.151 109.53088039566956 110.17332035309923 110.49194508770493 6.845680024729347 6.885832522068702 6.905746567981558
 179800 4096 13334.036 13356.924 13393.879 109.96975558760833 110.27401219023182 110.46329858416462 6.873109724225521 6.8921257618894884 6.903956161510289
 197776 4096 14709.949 14754.772 14764.071 109.7380926981454 109.80725368036863 110.141849710016 6.858630793634087 6.8629533550230395 6.883865606876
 217552 4096 16175.032 16195.059 16548.872 107.6922937104112 110.04504423231803 110.18129571552008 6.7307683569007 6.877815264519877 6.886330982220005
 239304 4096 17712.831 17833.948 17876.863 109.66008790244686 109.92397017194399 110.67560956235624 6.853755493902929 6.8702481357464995 6.917225597647265
 263232 2048 9737.015 9768.009 9860.992 109.3397370163164 110.38055677467129 110.7319103441866 6.833733563519775 6.898784798416956 6.920744396511663
 289552 2048 10743.856 10803.938 10823.965 109.57213849083954 109.77524972838607 110.38913701002694 6.848258655677471 6.8609531080241295 6.899321063126684
 318504 2048 11728.048 11862.993 12233.019 106.64516943854989 109.97160531073398 111.2369581024907 6.665323089909368 6.873225331920874 6.952309881405669
 350352 2048 12922.049 13012.886 13314.962 107.77663443575732 110.27851869293252 111.05373397051814 6.736039652234832 6.892407418308283 6.940858373157384
 385384 2048 14243.126 14302.969 15218.973 103.7213788341697 110.36399953044715 110.82769779611583 6.482586177135606 6.897749970652947 6.926731112257239
 423920 2048 15600.92 15754.938 15844.107 109.59130230564588 110.211561606907 111.29961053578891 6.849456394102868 6.888222600431687 6.956225658486807
 466312 2048 17110.109 17210.96 17289.162 110.47464023993759 110.97660746408101 111.63072964643298 6.904665014996099 6.936037966505063 6.976920602902061
 512936 2048 18677.95 18979.073 19066.095 110.19486979373593 110.70013040152172 112.48482065751325 6.887179362108496 6.918758150095107 7.030301291094578
 564224 1024 10416.985 10478.973 10626.078 108.7448023626403 110.27137411271123 110.92756224569777 6.796550147665019 6.891960882044452 6.932972640356111
 620640 1024 11404.037 11487.007 11726.856 108.38972696518147 110.65290723684593 111.45796177265997 6.774357935323842 6.915806702302871 6.966122610791248
 682704 1024 12526.035 12573.957 12671.947 110.33646147667758 111.19632363940802 111.62173760491649 6.896028842292349 6.949770227463001 6.976358600307281
 750968 1024 13844.967 13920.069 14474.869 106.25190901554963 110.48669830587764 111.08603321336916 6.640744313471852 6.905418644117352 6.942877075835573
 826064 1024 15064.001 15264.988 15306.95 110.52359039521262 110.82740923215924 112.30609132328125 6.907724399700789 6.9267130770099525 7.019130707705078
 908664 1024 16572.952 16726.017 16836.882 110.52782053114109 111.26043169751651 112.28801435012905 6.907988783196318 6.953776981094782 7.018000896883065
 999528 1024 18265.963 18405.914 19100.189 107.17346011602294 111.21606587969495 112.0681862762998 6.698341257251434 6.9510041174809345 7.004261642268737
 1099480 512 10158.062 10185.003 10344.982 108.83223576416081 110.5416974349443 110.83487381746635 6.802014735260051 6.9088560896840185 6.927179613591647
 1209424 512 11126.995 11178.017 11346.102 109.15203970491363 110.79337023731489 111.30140491660146 6.822002481557102 6.924585639832181 6.956337807287591
 1330360 512 12248.993 12286.901 12535.095 108.6779669400192 110.87324948740127 111.21637835861283 6.7923729337512 6.929578092962579 6.951023647413302
 1463392 512 13450.861 13508.081 13540.983 110.66503871986251 110.93458856220954 111.40650460963056 6.916564919991407 6.933411785138096 6.96290653810191
 1609728 512 14724.97 14863.968 14964.104 110.1543715547553 110.8964626403932 111.9432821934442 6.884648222172206 6.931028915024575 6.996455137090263
 1770696 512 16346.216 16611.814 17103.91 106.01042124286201 109.1507949703747 110.9243083536887 6.6256513276788755 6.821924685648419 6.932769272105544
 1947760 512 17885.923 17960.787 18292.904 109.0316901023479 111.04781989786974 111.5126258790223 6.814480631396743 6.940488743616859 6.969539117438893
 2142536 256 9882.927 9980.917 10101.08 108.60011325521627 109.90757983459838 110.99732214960204 6.787507078451017 6.869223739662399 6.937332634350128
 2356784 256 10828.972 10934.114 11067.152 109.03197209182632 110.35859037138262 111.43009770456513 6.814498255739145 6.897411898211414 6.9643811065353205
 2592456 256 11904.955 11996.984 13608.932 97.53428645245637 110.63926333485149 111.49453920657406 6.095892903278523 6.914953958428218 6.968408700410879
 2851696 256 13145.924 13149.977 13295.889 109.81351844919884 111.03200804077451 111.06624015170024 6.863344903074927 6.939500502548407 6.941640009481265
 3136864 256 14413.834 14515.162 15377.998 104.43975659250313 110.64804981163834 111.42589598298413 6.527484787031446 6.9155031132273965 6.964118498936508
 3450544 256 15875.101 16024.113 16078.949 109.87524918450825 110.25125247182169 111.28612838431705 6.8672030740317656 6.890703279488855 6.955383024019816
 3795592 256 17467.976 17672.062 17791.033 109.23160583199414 109.96696955907011 111.25176173816588 6.826975364499634 6.872935597441882 6.953235108635368
 4175144 256 19186.02 19504.07 19802.094 107.95190286441425 109.60141796045647 111.41829978286273 6.746993929025891 6.85008862252853 6.963643736428921
 4592656 128 10613.918 10719.061 10818.005 108.68177043734035 109.68497483128418 110.77152998543987 6.792610652333772 6.855310926955261 6.923220624089992
 5051920 128 11672.974 11812.925 12485.027 103.58740273449148 109.48105740110938 110.79366063866841 6.474212670905717 6.842566087569336 6.924603789916776
 5557112 128 12898.922 13124.943 15581.131 91.30406977516589 108.39061716306121 110.28988872093343 5.706504360947868 6.7744135726913255 6.89311804505834
 6112816 128 14224.052 14317.036 14530.897 107.69334446455714 109.30201586417748 110.01653368533805 6.730834029034821 6.831375991511092 6.876033355333628
 6724096 128 15675.068 15931.845 16068.935 107.12399894579198 108.04577724676582 109.81570070381831 6.695249934111999 6.752861077922864 6.863481293988644
 7396504 128 17180.92 17307.043 20524.025 92.25797688318933 109.40661694779402 110.20975733546284 5.766123555199333 6.837913559237126 6.8881098334664275
 8136152 128 19093.99 19204.14 19685.984 105.80395229418048 108.45864027235795 109.0843198304807 6.61274701838628 6.778665017022372 6.817769989405043
 8949760 64 10641.098 10735.035 11022.091 103.9339341328247 106.71313880206257 107.65517618576578 6.495870883301544 6.669571175128911 6.728448511610361
 9844736 64 12109.995 12295.008 12507.915 100.74630408025637 102.49088150247646 104.05670753786438 6.296644005016023 6.405680093904778 6.503544221116524
 10829208 64 13761.044 14029.98 18014.908 76.9439746236839 98.79833214302515 100.72917607123414 4.808998413980244 6.174895758939072 6.2955735044521335
 11912128 64 15508.89 15559.912 15627.146 97.5707518186622 97.99235265597902 98.3147332916798 6.098171988666388 6.124522040998689 6.1446708307299875
 13103336 64 16942.978 16965.866 17085.791 98.16501957679337 98.85890929469794 98.99245622581817 6.135313723549586 6.178681830918621 6.187028514113636
 14413664 64 18242.121 18392.086 18704.176 98.63834643129962 100.31211206820151 101.13675882316535 6.1648966519562265 6.269507004262595 6.3210474264478345
 15855024 64 19588.947 19750.834 20274.878 100.09643816352433 102.7522722331624 103.60143768830453 6.25602738522027 6.42201701457265 6.475089855519033
 17440520 32 10426.044 10617.971 10700.941 104.30795572090342 105.12302962590499 107.05817853828356 6.519247232556464 6.570189351619062 6.691136158642722
 19184568 32 11451.96 11495.113 11713.028 104.82450413334621 106.81168179903929 107.21416700721973 6.551531508334138 6.675730112439956 6.700885437951233
 21103024 32 12575.15 12630.224 12738.943 106.02084772653431 106.93345866233251 107.40178335844901 6.626302982908395 6.683341166395782 6.712611459903063
 23213320 32 13779.163 14004.946 14208.078 104.56393046265653 106.08055754017187 107.81877534941708 6.535245653916033 6.630034846260742 6.7386734593385675
 25534648 32 15500.069 15522.003 15676.975 104.2431637481083 105.28392965778964 105.43291594379355 6.515197734256769 6.580245603611853 6.589557246487097
 28088112 32 17222.881 17789.125 17861.128 100.64533259041646 101.05270315431478 104.37505595027915 6.290333286901029 6.315793947144674 6.523440996892447
 30896920 32 19652.128 20035.028 20401.955 96.92222534556123 98.69728557404562 100.62029313059634 6.057639084097577 6.168580348377851 6.288768320662271
 33986608 16 10934.83 11476.04 11612.892 93.65207701923002 94.76887985751182 99.45938400505541 5.853254813701876 5.923054991094489 6.216211500315963
 37385264 16 12340.069 12781.143 13478.041 88.76130054805444 93.60105336431961 96.94665791577017 5.547581284253402 5.850065835269976 6.059166119735636
 41123784 16 13994.932 14261.961 14891.148 88.37203740101165 92.27069741671569 94.03125988750784 5.523252337563228 5.766918588544731 5.87695374296924
 45236160 16 15347.958 15722.036 18234.968 79.38358433094041 92.07186143066966 94.3159422250178 4.9614740206837755 5.7544913394168535 5.894746389063613
 49759776 16 17261.982 17442.942 18231.869 87.33678549357721 91.28694184730993 92.24391683411558 5.458549093348576 5.705433865456871 5.765244802132224
 54735752 16 18990.04 19480.944 20021.915 87.48134551565121 89.91063595275465 92.23488017929398 5.467584094728201 5.619414747047165 5.764680011205874
 60209320 16 20891.905 21259.785 26993.99 71.3750816385425 90.62642166889269 92.22223823054911 4.460942602408906 5.664151354305793 5.763889889409319
 66230248 16 22510.052 22995.949 23379.087 90.65229690107232 92.16266465019557 94.15206752965298 5.66576855631702 5.760166540637223 5.884504220603311
 72853272 8 12338.877 12700.081 12951.136 90.00386931308573 91.78306437573114 94.46988992596327 5.625241832067858 5.7364415234831965 5.9043681203727045
 80138592 8 13974.19 14099.121 14330.149 89.47691137056566 90.9430787919332 91.75612124924592 5.592306960660354 5.683942424495825 5.73475757807787
 88152448 8 15016.079 16042.948 19220.829 73.38076666724416 87.91645824695061 93.92859267722285 4.58629791670276 5.494778640434413 5.870537042326428
 96967688 8 16671.181 17168.999 20328.045 76.32229306851691 90.36537354332654 93.0637732263839 4.770143316782307 5.647835846457909 5.816485826648994
 106664456 8 18101.215 19011.021 23620.129 72.25325890472487 89.77062810040556 94.2826929573512 4.515828681545305 5.6106642562753475 5.89266830983445
 117330896 8 19942.999 20390.987 20814.18 90.1930480086172 92.06490769671915 94.13300055824102 5.637065500538575 5.754056731044947 5.883312534890064
 129063984 8 22089.005 22758.007 25648.832 80.51141447688534 90.73833855486554 93.48649900708519 5.031963404805333 5.671146159679096 5.842906187942824
 141970376 4 12228.966 12377.024 13750.076 82.60048948093088 91.76382044665989 92.87481934286185 5.16253059255818 5.735238777916243 5.804676208928866
 156167408 4 13502.836 13787.031 14744.997 84.72970621831935 90.61699099682882 92.52421224696798 5.295606638644959 5.663561937301801 5.782763265435499
 171784144 4 14822.96 14972.925 17710.924 77.59466146430304 91.78388003679976 92.71246444704701 4.84966634151894 5.736492502299985 5.794529027940438
 188962552 4 16342.878 16594.887 18591.881 81.30970803868635 91.09434827727361 92.49903327920578 5.081856752417897 5.693396767329601 5.781189579950361
 207858800 4 17916.203 18256.903 20060.062 82.8945792889374 91.08173494704991 92.81377309690005 5.180911205558587 5.692608434190619 5.800860818556253
 228644680 4 19793.034 20014.048 22652.149 80.74984143888511 91.39367708121814 92.41420188537037 5.04686508993032 5.712104817576134 5.775887617835648
 251509144 4 21869.183 21952.868 25110.006 80.13033338183989 91.65422722898896 92.0049529056481 5.008145836364993 5.72838920181181 5.750309556603006
 276660056 2 11978.865 12070.179 14361.858 77.05411263640121 91.68382871538192 92.38272774590915 4.815882039775076 5.73023929471137 5.773920484119322
 304326056 2 13156.891 13657.808 16228.199 75.0116648187516 89.12881364271631 92.52217898590176 4.688229051171975 5.570550852669769 5.78263618661886
 334758656 2 14488.935 14842.987 15936.136 84.0250499870232 90.21328550648195 92.41773974415649 5.25156562418895 5.638330344155122 5.776108734009781
 368234520 2 16005.993 16464.949 17575.979 83.8040418687346 89.45901259700229 92.02416120012049 5.2377526167959125 5.591188287312643 5.7515100750075305
 405057968 2 17511.129 17838.955 20230.055 80.0903345047752 90.82549241253201 92.52583725469671 5.00564590654845 5.676593275783251 5.782864828418544
 445563760 2 19299.03 19671.202 22499.8 79.21203921812638 90.60224382831306 92.34946212322589 4.950752451132899 5.6626402392695665 5.771841382701618
 490120136 2 21353.96 21550.894 24182.796 81.06922557672819 90.96980125279256 91.80875790719848 5.066826598545512 5.685612578299535 5.738047369199905
 539132144 1 11729.956 11804.104 13099.194 82.31531558353896 91.34655946779188 91.92398402858458 5.144707223971185 5.709159966736992 5.7452490017865365
 593045352 1 12895.107 12989.998 14103.174 84.10097641849983 91.3079974300227 91.97990400544951 5.256311026156239 5.706749839376418 5.7487440003405945
 652349880 1 14147.043 14189.005 15645.981 83.38881147816811 91.951462417555 92.22420261251769 5.211800717385507 5.746966401097188 5.764012663282355
 717584864 1 15558.958 15694.141 17150.879 83.6790772064802 91.44621091399651 92.2407354014324 5.229942325405013 5.715388182124782 5.765045962589525
 789343344 1 17078.876 17345.19 18745.899 84.21504287417744 91.01581983247229 92.43504595969898 5.26344017963609 5.688488739529518 5.777190372481186
 868277672 1 18898.964 19069.91 20776.033 83.58454879235126 91.06258729065843 91.88627186125122 5.2240342995219535 5.691411705666152 5.742891991328201
 955105432 1 20751.953 20838.022 22135.973 86.2944160620362 91.66949070310032 92.04969113027579 5.393401003877263 5.72934316894377 5.753105695642237
 1050615968 1 22843.838 23132.801 24984.121 84.10269610846025 90.83344191652365 91.9824390279777 5.256418506778766 5.677090119782728 5.7489024392486066
 
META_DATA
 FLOPS          1
 ERT_VERSION  1.1.0
 HOSTNAME  ('berks-mbp.attlocal.net', ['80.1.168.192.in-addr.arpa'], ['192.168.1.80'])
 UNAME  uname_result(system='Darwin', node='Berks-MBP.attlocal.net', release='23.1.0', version='Darwin Kernel Version 23.1.0: Mon Oct  9 21:27:24 PDT 2023; root:xnu-10002.41.9~6/RELEASE_ARM64_T6000', machine='arm64')
 TIMESTAMP_DATA  1706030101.0219772
 CONFIG  {'ERT_RESULTS': ['results.m1.pro.01'], 'ERT_DRIVER': ['driver1'], 'ERT_KERNEL': ['kernel1'], 'ERT_SPEC_GBYTES_DRAM': ['243'], 'ERT_SPEC_GFLOPS': ['29.73'], 'ERT_FLOPS': ['1,2,4,8,16'], 'ERT_ALIGN': ['64'], 'ERT_CC': ['clang'], 'ERT_CFLAGS': ['-O3', '-std=gnu++11'], 'ERT_LD': ['clang'], 'ERT_LDFLAGS': [], 'ERT_LDLIBS': [], 'ERT_PRECISION': ['FP64'], 'ERT_RUN': ['export', 'OMP_NUM_THREADS=1;', 'export', 'OMP_PROC_BIND=false;', 'export', 'OMP_PLACES=threads;', 'mpirun', '-np', '1', 'ERT_CODE'], 'ERT_NUM_EXPERIMENTS': ['5'], 'ERT_MEMORY_MAX': ['1073741824'], 'ERT_WORKING_SET_MIN': ['1'], 'ERT_TRIALS_MIN': ['1'], 'ERT_GNUPLOT': ['asdfad'], 'ERT_MPI': [False], 'ERT_OPENMP': [False], 'ERT_GPU': [False], 'ERT_HIP': [False], 'ERT_OCL': [False], 'ERT_SYCL': [False], 'ERT_WSS_MULT': [1.1]}
 TIMESTAMP_DATA  1706030115.170827
 TIMESTAMP_DATA  1706030129.007307
 TIMESTAMP_DATA  1706030142.863583
 TIMESTAMP_DATA  1706030156.880901
 