fp64
 8 134217728 589827.776 590728.998 597370.148 3.5948961547372136 3.6353110398687423 3.640865580396133 0.22468100967107585 0.2272069399917964 0.22755409877475832
 16 67108864 353488.922 355350.018 360100.031 5.963575293332868 6.043291231801767 6.075108763945932 0.37272345583330424 0.37770570198761044 0.3796942977466207
 24 33554432 185737.848 191576.004 196374.178 8.201754183790905 8.40717366669784 8.67142993925503 0.5126096364869316 0.525448354168615 0.5419643712034393
 32 33554432 279145.002 279453.993 282565.117 7.599960217311608 7.6845695598988994 7.693075758526389 0.4749975135819755 0.4802855974936812 0.4808172349078993
 40 16777216 164676.905 164957.047 165025.949 8.133128687537498 8.136525867852132 8.150367411872356 0.5083205429710936 0.5085328667407583 0.5093979632420222
 48 16777216 182531.834 182600.975 184834.003 8.713833547174758 8.820395049916902 8.823736116079345 0.5446145966984224 0.5512746906198064 0.5514835072549591
 56 16777216 200201.988 200425.863 203793.049 9.220374302363963 9.375278039840596 9.385761903623054 0.5762733938977477 0.5859548774900373 0.5866101189764409
 64 16777216 73482.037 74036.837 75101.852 28.594283507149733 29.005610382842264 29.22460693352853 1.7871427191968583 1.8128506489276415 1.8265379333455332
 72 8388608 36634.922 36746.979 37188.053 32.48246290280376 32.87234991480524 32.972898154389405 2.030153931425235 2.0545218696753276 2.060806134649338
 80 8388608 52739.859 52923.918 52989.96 25.328897776107024 25.3605048666276 25.44901153414157 1.583056111006689 1.585031554164225 1.590563220883848
 88 8388608 66323.996 66618.919 68700.79 21.49021878787711 22.161797731962597 22.260344627003477 1.3431386742423195 1.3851123582476623 1.3912715391877173
 96 8388608 79627.037 79653.025 84382.057 19.087147117070163 20.220358686942525 20.226958036878855 1.1929466948168852 1.2637724179339078 1.2641848773049285
 104 8388608 90790.987 91012.001 94528.913 18.458167016053597 19.171432831149378 19.21810216690342 1.1536354385033498 1.1982145519468361 1.2011313854314638
 112 8388608 104550.123 104756.117 105839.968 17.75367309256934 17.937360087525963 17.97270187812213 1.1096045682855837 1.1210850054703727 1.1232938673826331
 120 8388608 115468.979 116002.083 118116.856 17.044696143961026 17.35542904001129 17.435556609537525 1.0652935089975641 1.0847143150007057 1.0897222880960953
 128 8388608 51268.101 51455.975 51707.029 41.53175476394128 41.73438843593966 41.887325766171834 2.59573467274633 2.6083992772462286 2.6179578603857396
 136 4194304 25481.939 25676.966 26423.931 43.174904142763616 44.43089919580063 44.77095279130839 2.698431508922726 2.776931199737539 2.7981845494567743
 144 4194304 24955.988 25067.091 25793.076 46.8327062658211 48.18905999104563 48.40359564205592 2.927044141613819 3.011816249440352 3.025224727628495
 152 4194304 28095.007 28161.049 28331.041 45.00605593701975 45.27773152200403 45.38416438194872 2.8128784960637345 2.829858220125252 2.836510273871795
 160 4194304 39538.86 39900.064 39999.008 33.555264170551425 33.6384743643519 33.945775877200305 2.097204010659464 2.1024046477719938 2.121610992325019
 176 4194304 52819.967 53250.074 54578.066 27.051068610602652 27.72568932016883 27.951456463424144 1.6906917881626657 1.7328555825105518 1.746966028964009
 192 4194304 30564.07 30819.893 30847.788 52.21161193146166 52.25886851716195 52.6962782116387 3.263225745716354 3.266179282322622 3.2935173882274187
 208 4194304 30520.916 30635.118 31129.122 56.051386993825275 56.95523888630036 57.16835182797266 3.5032116871140797 3.5597024303937723 3.573021989248291
 224 4194304 32759.905 33106.089 34003.019 55.261216423165244 56.7583864104274 57.35816975049226 3.4538260264478278 3.5473991506517124 3.584885609405766
 240 4194304 41542.053 41667.938 42560.101 47.30406819288328 48.31690783450815 48.46332269616043 2.956504262055205 3.0198067396567594 3.028957668510027
 264 2097152 18882.99 18982.172 19012.213 58.24131341259431 58.33348554633263 58.63987938350864 3.6400820882871443 3.6458428466457895 3.66499246146929
 288 2097152 18885.851 18987.894 19353.151 62.41668615100455 63.617352824910434 63.961086635704156 3.9010428844377842 3.976084551556902 3.9975679147315097
 312 2097152 21866.083 21929.026 22312.164 58.650646705536936 59.67537491177218 59.84715451779818 3.6656654190960585 3.7297109319857613 3.7404471573623863
 336 2097152 20922.899 20962.0 21240.95 66.34760422674127 67.23051922526476 67.35616053970341 4.146725264171329 4.201907451579047 4.209760033731463
 368 2097152 19320.011 19515.991 19726.038 78.24702923111067 79.08918752831971 79.89145927504907 4.890439326944417 4.943074220519982 4.993216204690567
 400 2097152 16913.891 16962.051 17041.922 98.44673623080777 98.91030276939976 99.19193637939371 6.152921014425486 6.181893923087485 6.199496023712107
 440 2097152 14381.886 14428.139 15068.769 122.4714347933796 127.90934159977252 128.3207056431959 7.654464674586225 7.994333849985782 8.020044102699744
 480 2097152 13731.956 13787.031 14306.068 140.72811061711715 146.0260675413002 146.61173688584495 8.795506913569822 9.126629221331262 9.16323355536531
 528 1048576 7168.055 7305.861 7375.002 150.14182450391198 151.56273244180252 154.4765289886866 9.383864031494499 9.472670777612658 9.654783061792912
 576 1048576 7380.009 7428.885 7589.102 159.17028813158657 162.60307596631256 163.67995648785794 9.94814300822416 10.162692247894535 10.229997280491121
 632 1048576 8909.941 9013.891 9227.037 143.64308542384734 147.0397261293708 148.7552009603655 8.977692838990459 9.189982883085674 9.297200060022844
 688 1048576 9716.988 9798.05 9875.059 146.10956511753503 147.25793152719166 148.48640093000014 9.13184781984594 9.203620720449479 9.280400058125009
 752 1048576 9994.03 10196.209 10671.854 147.77735002746476 154.6710452875181 157.80003702210217 9.236084376716548 9.666940330469881 9.862502313881386
 824 1048576 11520.147 11641.979 11986.017 144.17243426235754 148.43294666654182 150.00270812516538 9.010777141397346 9.277059166658864 9.375169257822836
 904 1048576 12024.879 12100.935 12146.95 156.07419212230232 156.66767964624222 157.65858500530442 9.754637007643895 9.791729977890139 9.853661562831526
 992 1048576 14116.049 14142.99 15153.885 137.28326326879213 147.0958251402285 147.37656294618984 8.580203954299508 9.193489071264281 9.211035184136865
 1088 524288 6918.907 6969.213 7180.929 158.87229744229472 163.69863971728228 164.8888600468253 9.92951859014342 10.231164982330142 10.305553752926581
 1192 524288 8096.933 8132.935 8170.128 152.98445654707 153.68407493727662 154.36741195709536 9.561528534191876 9.605254683579789 9.64796324731846
 1304 524288 9788.99 9826.899 9865.046 138.60483813253379 139.14288770038237 139.68173468355775 8.662802383283362 8.696430481273898 8.73010841772236
 1432 524288 9612.083 9663.105 9834.051 152.68995778036947 155.39113276736617 156.21596609184502 9.543122361273092 9.711945797960386 9.763497880740314
 1568 524288 11283.159 11444.807 11502.028 142.945849897079 143.6605412393586 145.71869172454277 8.934115618567438 8.978783827459912 9.107418232783923
 1720 524288 12089.014 12144.089 12245.893 147.27800741032115 148.51264018239655 149.18923247173015 9.204875463145072 9.282040011399785 9.324327029483134
 1888 524288 12702.942 12755.156 12855.053 154.00259244360953 155.20872406421373 155.84669189231914 9.625162027725596 9.700545254013358 9.740418243269946
 2072 262144 7505.178 7535.934 7611.99 142.7123178038857 144.15263403315367 144.74336731254076 8.919519862742856 9.009539627072105 9.046460457033797
 2272 262144 7894.039 7939.1 7978.916 149.2912490869687 150.03997128137948 150.89643413213437 9.330703067935543 9.377498205086217 9.431027133258398
 2496 262144 8399.01 8498.192 8538.008 153.27027662658548 153.98838341143622 155.8067972296735 9.579392289161593 9.624273963214764 9.737924826854593
 2744 262144 9531.975 9587.049 9626.15 149.45188595648312 150.06142891310975 150.9284562748014 9.340742872280195 9.37883930706936 9.433028517175087
 3016 262144 10195.017 10277.987 10315.895 153.28312356804716 153.84847324675545 155.100536664137 9.580195223002947 9.615529577922215 9.693783541508562
 3312 262144 11736.155 11803.865 11856.794 146.45121235976603 147.10790541911484 147.95662259061848 9.153200772485377 9.194244088694678 9.247288911913655
 3640 262144 12492.895 12508.154 12562.99 151.90717496392182 152.57313908990886 152.7594940964444 9.494198435245114 9.535821193119304 9.547468381027775
 4000 262144 13622.999 13705.015 13784.885 152.13416724187397 153.02077378244388 153.94202113646193 9.508385452617123 9.563798361402743 9.62137632102887
 4400 131072 7597.923 7627.01 7658.958 150.59928517691313 151.23011507786146 151.80906676732576 9.41245532355707 9.451882192366341 9.48806667295786
 4840 131072 8394.003 8499.146 8614.063 147.29134904167756 149.28287618544263 151.1527884848266 9.205709315104848 9.330179761590164 9.447049280301663
 5320 131072 8635.044 8698.94 8756.876 159.25840219731327 160.319082554886 161.50538202237303 9.95365013733208 10.019942659680375 10.094086376398314
 5848 131072 9629.965 9711.027 9755.85 157.13834386547558 157.8636442880861 159.1924905230704 9.821146491592224 9.866477768005382 9.9495306576919
 6432 131072 11229.992 11290.073 11325.121 148.8823128688868 149.34449121808157 150.1434914646422 9.305144554305425 9.334030701130098 9.383968216540138
 7072 131072 11626.005 11670.113 11982.918 154.71042762706045 158.85727653194104 159.45996651472282 9.669401726691278 9.928579783246315 9.966247907170176
 7776 131072 12969.017 13064.146 13396.025 152.16691100531688 156.03252933639902 157.1770431020331 9.510431937832305 9.752033083524939 9.82356519387707
 8552 65536 7127.047 7182.837 7512.093 149.21643595200433 156.0564083522987 157.27800644502557 9.32602724700027 9.753525522018668 9.829875402814098
 9400 65536 7898.092 7930.994 8051.157 153.03102398822926 155.3496068714716 155.9967647882552 9.564438999264329 9.709350429466975 9.74979779926595
 10336 65536 8627.892 8709.908 8780.003 154.30065251686133 155.5424227213422 157.02099562674175 9.643790782303833 9.721401420083888 9.81381222667136
 11368 65536 9530.067 9577.99 9735.107 153.05702299933634 155.56776484418967 156.35005462186155 9.566063937458521 9.722985302761854 9.771878413866347
 12504 65536 10529.041 10567.904 10588.169 154.78826301318009 155.0850848001647 155.65750840936036 9.674266438323755 9.692817800010294 9.728594275585023
 13752 65536 11629.105 11705.875 11717.081 153.835425734447 153.98269193887685 154.99921481489764 9.614714108402937 9.623918246179803 9.687450925931103
 15120 65536 12835.979 12914.181 12964.964 152.8587846445235 153.45987794347934 154.3948178787142 9.553674040282718 9.591242371467459 9.649676117419638
 16632 32768 7038.116 7089.853 7177.114 151.8708985255076 153.74010603604899 154.8702453895332 9.491931157844226 9.608756627253062 9.679390336845826
 18288 32768 7757.187 7850.885 8027.077 149.30993785159902 152.66079785909486 154.50476674083015 9.331871115724939 9.541299866193429 9.656547921301884
 20112 32768 8485.079 8558.035 8678.913 151.86925275089172 154.01433062613089 155.3385692696556 9.491828296930732 9.62589566413318 9.708660579353475
 22120 32768 9400.845 9441.853 9530.067 152.11396939811652 153.53515035660905 154.20489541099764 9.507123087382283 9.595946897288066 9.637805963187352
 24328 32768 10347.843 10415.077 10653.973 149.64931936658746 153.08190309106692 154.07653633708978 9.353082460411716 9.567618943191682 9.629783521068111
 26760 32768 11314.869 11398.077 11399.984 153.8373527541793 153.86309111615935 154.99457925672849 9.614834547136207 9.61644319475996 9.68716120354553
 29432 32768 12484.074 12557.03 12614.965 152.90217230091403 153.6076247329185 154.50529626786894 9.556385768807127 9.600476545807407 9.656581016741809
 32368 32768 13797.998 13831.139 13911.009 152.48852531114025 153.36909331906793 153.73746597151268 9.530532831946266 9.585568332441746 9.608591623219542
 35600 16384 7601.023 7652.998 7714.987 151.20450624220103 152.42925713556963 153.47155244761132 9.450281640137565 9.526828570973102 9.591972027975707
 39160 16384 8339.882 8389.95 8693.933 147.59659178417866 152.94428214709265 153.86247431318571 9.224786986511166 9.55901763419329 9.616404644574107
 43072 16384 9200.096 9234.19 9256.124 152.4810272636797 152.8432159182343 153.40962702997882 9.53006420397998 9.552700994889644 9.588101689373676
 47376 16384 10107.994 10201.931 10295.868 150.7805624547634 152.16891468879763 153.58307177467657 9.423785153422713 9.510557168049852 9.598941985917286
 52112 16384 11132.002 11189.938 11240.959 151.9092824731413 152.60191933145651 153.3961291059775 9.494330154571331 9.537619958216032 9.587258069123594
 57320 16384 12279.987 12334.108 12404.919 151.41265815601054 152.2819291026153 152.95307397312394 9.463291134750659 9.517620568913456 9.559567123320246
 63048 16384 13477.087 13548.851 13561.01 152.34535362779025 152.48207128412585 153.2940214751155 9.52158460173689 9.530129455257866 9.580876342194719
 69352 8192 7442.951 7469.893 7522.106 151.05652167092566 152.11237537137413 152.66299186975704 9.441032604432854 9.507023460710883 9.541436991859815
 76280 8192 8155.107 8191.109 8352.995 149.61956998657365 152.5765949397084 153.25016826879155 9.351223124160853 9.536037183731775 9.578135516799472
 83904 8192 8966.923 9001.97 9105.206 150.97770835717503 152.70914433174073 153.30600430047187 9.43610677232344 9.544321520733796 9.581625268779492
 92288 8192 9844.065 9901.047 9963.989 151.751130194945 152.7158281341357 153.59981796138078 9.484445637184063 9.544739258383482 9.599988622586299
 101512 8192 10921.001 10952.95 11324.167 146.86931127031244 151.84700085365128 152.2912238539306 9.179331954394527 9.490437553353205 9.518201490870663
 111656 8192 11953.115 12042.999 12722.969 143.7849847783171 151.90335098425234 153.04562066038852 8.986561548644818 9.493959436515771 9.565351291274283
 122816 8192 13128.996 13221.025 13437.033 149.75161138623386 152.19828598765983 153.26513497300178 9.359475711639616 9.51239287422874 9.579070935812611
 135096 4096 8183.002 8257.866 8296.967 133.38686679120212 134.01845367798413 135.2445510828422 8.336679174450133 8.376153354874008 8.452784442677638
 148600 4096 11018.991 11042.833 11162.996 109.0505810447303 110.23721901798207 110.47574138140234 6.815661315295643 6.889826188623879 6.9047338363376465
 163456 4096 12119.055 12135.029 12303.829 108.83047480585108 110.34432237450771 110.48976607499512 6.801904675365693 6.896520148406732 6.905610379687195
 179800 4096 13210.058 13375.044 13393.164 109.9756263717819 110.12461716013796 111.500010068086 6.873476648236369 6.882788572508622 6.968750629255375
 197776 4096 14644.146 14755.964 14842.987 109.15464602913148 109.79838335197891 110.63676857633078 6.822165376820718 6.862398959498682 6.914798036020674
 217552 4096 16054.153 16111.851 16371.012 108.86229782251702 110.6133605629794 111.01090066850614 6.803893613907314 6.913335035186212 6.938181291781634
 239304 4096 17743.111 17825.127 17904.997 109.48777975221108 109.97836750335635 110.48673301993094 6.842986234513193 6.873647968959772 6.905420813745684
 263232 2048 9727.955 9850.979 9985.924 107.97180831738756 109.45087508561333 110.83503901899218 6.748238019836722 6.840679692850833 6.927189938687011
 289552 2048 10738.85 10853.052 10993.004 107.88725192859022 109.2784768745234 110.44059578074001 6.742953245536889 6.829904804657713 6.902537236296251
 318504 2048 11793.137 11909.008 12061.119 108.16512000254703 109.54668801969063 110.6230160813022 6.760320000159189 6.846668001230665 6.913938505081387
 350352 2048 12960.911 13025.999 13062.0 109.86386403307303 110.16750362102746 110.72075041638662 6.866491502067064 6.8854689763142165 6.920046901024164
 385384 2048 14190.912 14250.994 14360.189 109.92424013360827 110.7665096203114 111.23547690240063 6.870265008350517 6.922906851269462 6.95221730640004
 423920 2048 15661.955 15707.016 15742.064 110.30169360256698 110.54781633888958 110.8658733855384 6.893855850160437 6.9092385211805984 6.92911708659615
 466312 2048 17215.967 17306.089 18544.912 102.99396147040223 110.36658554107747 110.94433161959475 6.437122591900139 6.897911596317342 6.934020726224672
 512936 2048 18903.971 18942.118 19340.038 108.63400868188573 110.91610008975766 111.13992165984595 6.789625542617858 6.932256255609854 6.946245103740372
 564224 1024 10387.182 10411.024 10492.086 110.13355704480502 110.99107561369564 111.24583664751421 6.8833473153003135 6.936942225855978 6.952864790469638
 620640 1024 11441.946 11448.145 11484.146 110.68047375921553 111.02853082311589 111.08868369069387 6.917529609950971 6.939283176444743 6.943042730668367
 682704 1024 12608.051 12629.986 12785.912 109.35299664192902 110.70303577533656 110.89563263981087 6.834562290120564 6.918939735958535 6.930977039988179
 750968 1024 13654.947 13789.892 13855.934 110.99810839168259 111.52969609914275 112.63188820872024 6.937381774480162 6.970606006196422 7.039493013045015
 826064 1024 15101.91 15272.856 15464.067 109.40065585592717 110.77031512639157 112.02417919322788 6.837540990995448 6.923144695399473 7.0015111995767425
 908664 1024 16626.12 16803.98 17163.992 108.42139008221397 110.74423273534008 111.92893302827119 6.776336880138373 6.921514545958755 6.995558314266949
 999528 1024 18284.082 18526.077 18914.938 108.22310620315012 110.49470127971506 111.9571299231758 6.763944137696883 6.905918829982191 6.997320620198487
 1099480 512 10077.0 10231.018 10350.943 108.76956041589641 110.04452538349555 111.7264582713109 6.7980975259935255 6.877782836468472 6.9829036419569315
 1209424 512 11139.87 11277.199 11373.043 108.89347521151551 109.81895202877948 111.17276736622598 6.805842200719719 6.863684501798717 6.948297960389124
 1330360 512 12134.075 12274.981 12591.124 108.19436294964612 110.98091638593984 112.2696736257193 6.7621476843528825 6.93630727412124 7.016854601607457
 1463392 512 13416.052 13543.844 13707.161 109.32339731035478 110.64166185021033 111.6955575306357 6.832712331897174 6.915103865638145 6.980972345664731
 1609728 512 14775.038 14973.879 15070.915 109.37368248709517 110.08246240002339 111.56394129070937 6.835855155443448 6.880153900001462 6.972746330669335
 1770696 512 16463.995 16520.023 16728.163 108.39162100464947 109.75727479314041 110.13078563252724 6.774476312790592 6.859829674571276 6.883174102032952
 1947760 512 17765.045 18032.074 18368.006 108.58588787481884 110.60880961335894 112.27138687236652 6.786617992176177 6.913050600834934 7.0169616795229075
 2142536 256 9877.92 9986.877 10390.043 105.57977787002422 109.8419888419573 111.0535853701994 6.5987361168765135 6.865124302622331 6.9408490856374625
 2356784 256 10782.003 10836.84 11508.226 104.85312054177594 111.34919478371923 111.91551402833035 6.553320033860996 6.959324673982452 6.994719626770647
 2592456 256 11898.994 11992.931 12119.055 109.52483275304881 110.67665377212626 111.55039426022064 6.845302047065551 6.917290860757891 6.97189964126379
 2851696 256 13095.14 13123.035 13353.825 109.33708896140243 111.259960214996 111.4969639118024 6.833568060087652 6.95374751343725 6.96856024448765
 3136864 256 14433.146 14451.981 14984.131 107.18501913791332 111.13177965013932 111.27680465506272 6.699063696119582 6.945736228133708 6.95480029094142
 3450544 256 15909.91 15941.858 16521.931 106.92930069735795 110.8201144433729 111.04264750711978 6.683081293584872 6.926257152710806 6.940165469194986
 3795592 256 17441.034 17632.961 18458.843 105.27978942125463 110.21082074644185 111.42361765936583 6.579986838828415 6.888176296652616 6.9639761037103645
 4175144 256 19343.853 19592.047 20545.006 104.04833797566182 109.10925887427692 110.50920041627697 6.503021123478864 6.819328679642307 6.9068250260173105
 4592656 128 10607.004 10655.88 11096.001 105.95888879245774 110.33532059294961 110.84373457387211 6.622430549528609 6.895957537059351 6.927733410867007
 5051920 128 11636.019 11755.943 13385.057 96.62204053370859 110.01172088023904 111.14553181805563 6.038877533356787 6.87573255501494 6.946595738628477
 5557112 128 12809.038 12928.963 13062.0 108.91292849487061 110.0336254346153 111.06381853188351 6.807058030929413 6.877101589663456 6.9414886582427195
 6112816 128 14080.048 14253.855 14380.932 108.8163754616182 109.78650308986587 111.14173019864704 6.801023466351137 6.861656443116617 6.94635813741544
 6724096 128 15630.007 15785.933 15913.01 108.17366268229578 109.0444623070426 110.13229718963017 6.7608539176434865 6.815278894190162 6.883268574351885
 7396504 128 17228.127 17544.985 17770.052 106.55596415812403 107.9228636559108 109.90777024107147 6.659747759882752 6.745178978494425 6.869235640066967
 8136152 128 19373.894 19578.934 19757.032 105.42347210856369 106.38244717511178 107.50832599786085 6.58896700678523 6.648902948444486 6.719270374866303
 8949760 64 10895.967 11004.925 11176.825 102.49505382789833 104.09605517529651 105.1369997724846 6.405940864243646 6.506003448456032 6.5710624857802875
 9844736 64 12235.88 12376.07 12472.153 101.03517876985633 101.81957665074616 102.9861528553729 6.314698673116021 6.363723540671635 6.436634553460806
 10829208 64 13863.087 13936.043 14142.99 98.00888100748145 99.46429011448946 99.98773173680581 6.125555062967591 6.216518132155591 6.249233233550363
 11912128 64 15464.067 15572.071 18100.977 84.23591632650547 97.91583816950231 98.5997011006225 5.264744770406592 6.119739885593894 6.162481318788906
 13103336 64 16920.09 17050.028 17132.998 97.89454291654035 98.37092396563807 99.12636445787227 6.118408932283772 6.148182747852379 6.195397778617017
 14413664 64 18356.085 18454.075 18721.104 98.54915564808572 99.97515410552953 100.50884989909342 6.159322228005357 6.248447131595595 6.281803118693339
 15855024 64 19687.891 19940.138 20129.919 100.81724978625098 101.77678168526215 103.08077548783666 6.301078111640686 6.361048855328884 6.442548467989791
 17440520 32 10581.97 10749.817 10865.927 102.72416518167296 103.83370061090345 105.48066947836746 6.42026032385456 6.489606288181466 6.592541842397966
 19184568 32 11427.879 11656.046 11885.166 103.30628549908349 105.33695148423402 107.44009032647264 6.456642843692718 6.583559467764626 6.71500564540454
 21103024 32 12598.038 12763.977 13263.941 101.82445292843205 105.81290893896158 107.2066567825879 6.364028308027003 6.613306808685099 6.700416048911744
 23213320 32 13990.164 14138.937 18680.811 79.52826459193874 105.07525990108024 106.19264220204994 4.970516536996171 6.567203743817515 6.637040137628121
 25534648 32 15504.122 15604.019 16287.088 100.33822326004503 104.7305487131232 105.40535426643315 6.271138953752814 6.5456592945702 6.587834641652072
 28088112 32 17353.058 17766.953 18271.923 98.38259322787208 101.17881034525165 103.59206821068655 6.148912076742005 6.323675646578228 6.474504263167909
 30896920 32 19428.015 19876.003 20264.864 97.57790035008377 99.48694815552201 101.78100438979484 6.098618771880235 6.217934259720126 6.361312774362178
 33986608 16 11057.854 11234.045 11600.971 93.74831261969365 96.81031685381357 98.35285001954269 5.859269538730853 6.050644803363348 6.147053126221418
 37385264 16 12520.075 12639.999 13295.889 89.97731915481545 94.64624546251943 95.55281801426908 5.6235824471759654 5.9153903414074644 5.972051125891817
 41123784 16 14003.038 14155.149 14654.16 89.80119556494537 92.9669541450959 93.9768275998394 5.612574722809086 5.810434634068494 5.873551724989962
 45236160 16 15704.155 15956.879 16461.849 87.93405406646606 90.71680746592112 92.17669591264222 5.495878379154129 5.66980046662007 5.7610434945401385
 49759776 16 17562.151 17627.001 17855.167 89.1793861127146 90.33373470620442 90.66730106124243 5.573711632044662 5.6458584191377765 5.666706316327652
 54735752 16 19258.022 19506.931 19675.016 89.02376821447058 89.79085761876124 90.95140009706085 5.563985513404411 5.611928601172577 5.684462506066303
 60209320 16 20783.186 21353.006 21523.952 89.51414870280327 90.2307731286171 92.70466231693253 5.594634293925204 5.639423320538569 5.794041394808283
 66230248 16 23175.001 23624.897 23733.854 89.29725176534753 89.70908681633617 91.45060817904604 5.58107823533422 5.6068179260210105 5.715663011190378
 72853272 8 12585.163 13060.808 13465.881 86.56339321578737 89.24810409891946 92.6211565158115 5.410212075986711 5.578006506182466 5.788822282238219
 80138592 8 13804.913 14121.056 14379.978 89.16685908698886 90.80181198913168 92.88124249678357 5.572928692936804 5.67511324932073 5.805077656048973
 88152448 8 15280.962 15814.066 15995.026 88.17986091426172 89.18890107073031 92.300417211953 5.511241307141358 5.574306316920644 5.768776075747063
 96967688 8 16714.096 17171.144 17244.101 89.97181169374966 90.3540852024769 92.824823310815 5.623238230859354 5.647130325154806 5.801551456925938
 106664456 8 18717.051 18913.984 19103.05 89.33815783343498 90.23119063651528 91.18056557093317 5.583634864589686 5.639449414782205 5.698785348183323
 117330896 8 20138.979 20587.921 25983.095 72.25060509535142 91.18425974142801 93.21695682785112 4.515662818459464 5.6990162338392505 5.826059801740695
 129063984 8 22173.166 22683.859 23350.954 88.43423459272799 91.03494004260915 93.13165941210198 5.527139662045499 5.689683752663072 5.820728713256374
 141970376 4 12277.126 12351.036 12632.847 89.9055460736602 91.95690207687842 92.51049537163665 5.619096629603763 5.747306379804901 5.781905960727291
 156167408 4 13379.097 13757.944 14056.921 88.87716335604362 90.80857314145196 93.37993916928774 5.5548227097527265 5.675535821340747 5.836246198080484
 171784144 4 14789.104 15280.008 15576.839 88.22541929078164 89.93929531974068 92.92470673003585 5.514088705673853 5.6212059574837925 5.807794170627241
 188962552 4 16237.02 16505.003 16799.927 89.98255861468922 91.59043570001168 93.10208498850157 5.623909913418077 5.72440223125073 5.818880311781348
 207858800 4 18255.949 18532.038 18664.122 89.09448834507191 89.72949440315199 91.08649459965078 5.568405521566994 5.608093400196999 5.692905912478174
 228644680 4 19944.906 20195.961 20254.85 90.30713335324627 90.57045812279 91.71050693344958 5.644195834577892 5.660653632674375 5.731906683340599
 251509144 4 21802.187 22381.067 23264.17 86.4880695077452 89.90068042779195 92.28767517680681 5.405504344234075 5.618792526736997 5.767979698550426
 276660056 2 11806.965 12146.95 12294.054 90.01426413126215 91.10436973890565 93.7277466309081 5.6258915082038845 5.694023108681603 5.857984164431756
 304326056 2 13018.847 13231.993 13334.99 91.2864744555489 91.99704262237744 93.50322835808733 5.705404653471806 5.74981516389859 5.843951772380458
 334758656 2 14420.033 14999.151 19444.942 68.86287570310058 89.27402784330926 92.85933145922759 4.3039297314437865 5.5796267402068285 5.803708216201724
 368234520 2 16565.084 16608.953 18400.908 80.04703246165896 88.68337937978389 88.91823790329106 5.002939528853685 5.542711211236493 5.557389868955691
 405057968 2 17703.056 18035.889 19032.955 85.1277099115718 89.83376821624928 91.52272195263913 5.320481869473237 5.61461051351558 5.720170122039946
 445563760 2 19790.888 19834.995 20822.048 85.59460817687098 89.85407054551817 90.0543239899089 5.349663011054436 5.615879409094886 5.628395249369306
 490120136 2 20925.999 21914.959 22103.071 88.69720157891182 89.45855404064412 93.68635370765332 5.5435750986819885 5.591159627540257 5.855397106728333
 539132144 1 11764.05 11973.858 12089.014 89.19373308691678 90.0515346014626 91.65757438977222 5.574608317932299 5.628220912591413 5.728598399360764
 593045352 1 12753.01 13067.007 13421.059 88.3753438532682 90.76988357012435 93.00476546321221 5.523458990829263 5.673117723132772 5.812797841450763
 652349880 1 14434.814 14639.139 14777.899 88.28722946340343 89.12407758407105 90.3856301854669 5.517951841462715 5.57025484900444 5.649101886591681
 717584864 1 15655.994 16118.05 16186.953 88.6621298029345 89.04115125589014 91.66902644444039 5.541383112683406 5.565071953493134 5.729314152777524
 789343344 1 17591.0 17898.083 18419.981 85.70512032558557 88.20423326900429 89.74399909044398 5.356570020349098 5.512764579312768 5.608999943152749
 868277672 1 19134.045 19150.019 19454.002 89.26468415084977 90.68165122969329 90.75735653386411 5.579042759428111 5.66760320185583 5.672334783366507
 955105432 1 20760.775 21111.012 21589.994 88.47667414821885 90.4840973042884 92.01057590576458 5.529792134263678 5.655256081518025 5.750660994110286
 1050615968 1 22646.189 23080.111 23567.915 89.15646275879729 91.04080721275561 92.7852335772699 5.572278922424831 5.690050450797226 5.799077098579369
 
META_DATA
 FLOPS          1
 ERT_VERSION  1.1.0
 HOSTNAME  ('berks-mbp.attlocal.net', ['80.1.168.192.in-addr.arpa'], ['192.168.1.80'])
 UNAME  uname_result(system='Darwin', node='Berks-MBP.attlocal.net', release='23.1.0', version='Darwin Kernel Version 23.1.0: Mon Oct  9 21:27:24 PDT 2023; root:xnu-10002.41.9~6/RELEASE_ARM64_T6000', machine='arm64')
 TIMESTAMP_DATA  1705979729.3250382
 CONFIG  {'ERT_RESULTS': ['Results.reiling.msu.edu.01'], 'ERT_DRIVER': ['driver1'], 'ERT_KERNEL': ['kernel1'], 'ERT_FLOPS': ['1,2,4,8,16'], 'ERT_ALIGN': ['64'], 'ERT_CC': ['g++'], 'ERT_CFLAGS': ['-O3', '-std=gnu++11'], 'ERT_LD': ['g++'], 'ERT_LDFLAGS': [], 'ERT_LDLIBS': [], 'ERT_PRECISION': ['FP64'], 'ERT_RUN': ['export', 'OMP_NUM_THREADS=1;', 'export', 'OMP_PROC_BIND=false;', 'export', 'OMP_PLACES=threads;', 'mpirun', '-np', '1', 'ERT_CODE'], 'ERT_NUM_EXPERIMENTS': ['5'], 'ERT_MEMORY_MAX': ['1073741824'], 'ERT_WORKING_SET_MIN': ['1'], 'ERT_TRIALS_MIN': ['1'], 'ERT_GNUPLOT': ['gnuplot'], 'ERT_MPI': [False], 'ERT_OPENMP': [False], 'ERT_GPU': [False], 'ERT_HIP': [False], 'ERT_OCL': [False], 'ERT_SYCL': [False], 'ERT_WSS_MULT': [1.1]}
 TIMESTAMP_DATA  1705979743.553455
 TIMESTAMP_DATA  1705979757.572244
 TIMESTAMP_DATA  1705979771.2097762
 TIMESTAMP_DATA  1705979785.2590332
 