fp64
 8 134217728 589730.978 590879.917 603296.041 3.5595851821610083 3.6343825305540047 3.641463189339191 0.22247407388506302 0.2271489081596253 0.22759144933369943
 16 67108864 354918.957 356684.923 359572.887 5.972318063013467 6.020674016546531 6.050631012082007 0.3732698789383417 0.3762921260341582 0.3781644382551254
 24 33554432 190394.163 192223.072 206609.964 7.795426245754537 8.378873145883341 8.459359838673205 0.48721414035965854 0.5236795716177088 0.5287099899170753
 32 33554432 279077.053 279327.154 286060.81 7.507087909035845 7.688059027730617 7.694948849843272 0.4691929943147403 0.48050368923316356 0.4809343031152045
 40 16777216 164772.987 165725.946 167107.105 8.031838502617827 8.098775794588013 8.145614790608853 0.5019899064136142 0.5061734871617508 0.5091009244130533
 48 16777216 182410.002 184391.022 184956.074 8.708082417450102 8.734767661301861 8.829629506829345 0.5442551510906314 0.5459229788313663 0.5518518441768341
 56 16777216 199831.009 200134.993 202739.0 9.268311434899058 9.388903778561104 9.40318622922031 0.5792694646811911 0.586806486160069 0.5876991393262694
 64 16777216 73225.975 73642.015 73745.966 29.120015161236076 29.161120156747476 29.32680169844102 1.8200009475772547 1.8225700097967172 1.8329251061525638
 72 8388608 36588.907 36695.957 36838.055 32.791078464918954 32.91805557762126 33.01436558353602 2.0494424040574346 2.0573784736013287 2.063397848971001
 80 8388608 52555.084 52834.988 53086.042 25.283054253696292 25.403190779564483 25.538486057790337 1.5801908908560183 1.5876994237227802 1.596155378611896
 88 8388608 66239.119 66245.079 67342.997 21.923512076541527 22.286863119296754 22.28886842531827 1.3702195047838455 1.3929289449560471 1.393054276582392
 96 8388608 79128.027 79199.076 79658.031 20.21908796615874 20.33625665026698 20.354516560864077 1.2636929978849212 1.2710160406416862 1.2721572850540048
 104 8388608 90409.04 90867.043 91851.95 18.99611781785798 19.202016555111186 19.299292017700886 1.1872573636161237 1.2001260346944491 1.2062057511063053
 112 8388608 104569.912 104610.92 105346.918 17.83676473572772 17.962256636305273 17.969300691388167 1.1147977959829825 1.1226410397690796 1.1230812932117604
 120 8388608 115433.931 116155.148 123417.139 16.312693166546342 17.332558691242852 17.440850385663463 1.0195433229091464 1.0832849182026782 1.0900531491039664
 128 8388608 51419.973 51500.797 51532.984 41.672022097536605 41.69806630371177 41.76360901628634 2.604501381096038 2.6061291439819856 2.610225563517896
 136 4194304 25570.154 25721.073 25974.035 43.92273622484916 44.35470821920998 44.61649656079506 2.7451710140530725 2.772169263700624 2.7885310350496915
 144 4194304 25024.891 25030.851 25078.773 48.16661293596779 48.258828754963226 48.27032221638847 3.010413308497987 3.0161767971852016 3.0168951385242795
 152 4194304 28047.085 28109.074 28583.05 44.609249747665146 45.36145217732893 45.461708979738894 2.7880781092290716 2.835090761083058 2.841356811233681
 160 4194304 39690.018 39794.922 39933.92 33.609955646728395 33.727350439334955 33.81649461585027 2.1006222279205247 2.1079594024584347 2.1135309134906417
 176 4194304 52814.007 53111.076 53560.019 27.56524429164224 27.798250745287103 27.954610753166296 1.72282776822764 1.737390671580444 1.7471631720728935
 192 4194304 30606.031 30663.967 30840.874 52.22331688784176 52.52460439968514 52.62403138780066 3.26395730549011 3.282787774980321 3.2890019617375414
 208 4194304 30415.058 30501.127 30550.003 57.113921199942276 57.205442408734605 57.367323251528894 3.5696200749963922 3.575340150545913 3.585457703220556
 224 4194304 32797.098 32892.942 33469.2 56.14260848780371 57.126182024095016 57.293123678198604 3.508913030487732 3.5703863765059385 3.5808202298874128
 240 4194304 41343.927 41396.141 41630.03 48.36090485642215 48.63414490737191 48.69556585662508 3.0225565535263845 3.0396340567107445 3.0434728660390675
 264 2097152 18874.168 18904.924 18976.927 58.349608237413776 58.571843822276136 58.66728832762323 3.646850514838361 3.6607402388922585 3.666705520476452
 288 2097152 18866.062 18898.964 18930.912 63.808840905287596 63.91670739200307 64.02817673343804 3.9880525565804748 3.994794212000192 4.001761045839878
 312 2097152 21806.002 21895.885 22275.925 58.7460609604315 59.76569789254922 60.012048425933365 3.6716288100269687 3.7353561182843262 3.7507530266208353
 336 2097152 20808.935 20944.118 21672.01 65.02793898673912 67.28792036026536 67.72504907146858 4.064246186671195 4.205495022516585 4.232815566966786
 368 2097152 19252.062 19383.907 19512.177 79.10464690844083 79.62810964786408 80.17343139659533 4.944040431777552 4.976756852991505 5.010839462287208
 400 2097152 16849.041 16932.011 17389.774 96.47748153598775 99.08578490765213 99.57371461081968 6.029842595999234 6.192861556728258 6.22335716317623
 440 2097152 14317.989 14483.929 14616.966 126.25696468063208 127.41665331278551 128.89336344650076 7.891060292539505 7.963540832049095 8.055835215406297
 480 2097152 13722.897 13849.974 13941.05 144.41278956750028 145.36243317135467 146.7085208028596 9.025799347968768 9.085152073209667 9.169282550178725
 528 1048576 7194.042 7274.866 7323.027 151.20745232811512 152.2084744928635 153.91851423719794 9.450465770507195 9.513029655803969 9.619907139824871
 576 1048576 7338.047 7400.99 7501.125 161.03711803229515 163.21594165104938 164.6159464500568 10.064819877018447 10.200996353190586 10.28849665312855
 632 1048576 8864.88 9020.09 9149.075 144.86711104674515 146.9386740043614 149.51133732210704 9.054194440421572 9.183667125272587 9.34445858263169
 688 1048576 9705.067 9774.923 9850.025 146.4809049723224 147.6063367455682 148.6687908491513 9.15505656077015 9.225396046598012 9.291799428071956
 752 1048576 10155.916 10277.987 10510.921 150.03997309084522 153.4403871108224 155.28469357170738 9.377498318177826 9.5900241944264 9.705293348231711
 824 1048576 11577.129 11657.0 11706.829 147.61070209533256 148.24167864802263 149.26440294480608 9.225668880958285 9.265104915501414 9.32902518405038
 904 1048576 12063.98 12081.861 12145.996 156.0864508764864 156.9150156585976 157.1475920881832 9.7554031797804 9.80718847866235 9.82172450551145
 992 1048576 14066.935 14155.149 14302.015 145.460257453233 146.96947266326904 147.8911208447327 9.091266090827062 9.185592041454315 9.243195052795794
 1088 524288 6899.834 6929.874 6963.015 163.84435305682953 164.62791213808507 165.34465727726203 10.240272066051846 10.289244508630317 10.334041079828877
 1192 524288 8097.887 8128.166 8203.983 152.35314261377675 153.7742452602469 154.34922616233098 9.522071413361047 9.61089032876543 9.646826635145686
 1304 524288 9784.937 9810.925 10013.103 136.55538188311857 139.36943804992902 139.7395919871533 8.53471136769491 8.710589878120564 8.73372449919708
 1432 524288 9570.122 9608.984 10308.027 145.669082162862 156.26634740988223 156.90090805529962 9.104317635178875 9.76664671311764 9.806306753456226
 1568 524288 11070.967 11126.041 11709.929 140.4079536263627 147.77647934247233 148.5116131228645 8.77549710164767 9.23602995890452 9.281975820179031
 1720 524288 12058.02 12075.901 12311.935 146.48799884014983 149.35123433025825 149.57270928394544 9.155499927509364 9.33445214564114 9.34829433024659
 1888 524288 12555.838 12770.891 13049.841 151.7038780779015 155.0174915751767 157.67258927679697 9.481492379868843 9.688593223448544 9.85453682979981
 2072 262144 7526.875 7540.941 7781.029 139.61196340484014 144.0569202172514 144.32612950261563 8.725747712802509 9.003557513578212 9.020383093913477
 2272 262144 7882.118 7916.927 8489.132 140.31850794639547 150.46018941440286 151.12465152132967 8.769906746649717 9.403761838400179 9.445290720083104
 2496 262144 8407.116 8416.891 8718.967 150.0892075861739 155.47579836782964 155.65657093348065 9.380575474135869 9.717237397989352 9.72853568334254
 2744 262144 9506.941 9541.988 9754.896 147.4794064436976 150.77007768192541 151.32588621303105 9.2174629027311 9.423129855120338 9.457867888314441
 3016 262144 10228.872 10286.093 10403.156 151.99739463678137 153.7272322931554 154.58719280092663 9.499837164798835 9.607952018322212 9.661699550057914
 3312 262144 11717.081 11744.976 11982.918 144.90976705340051 147.8455005782898 148.19747819444106 9.056860440837532 9.240343786143113 9.262342387152566
 3640 262144 12513.876 12629.032 12727.022 149.94932200164342 151.11279470984 152.50337465386423 9.371832625102714 9.444549669365 9.531460915866514
 4000 262144 13609.171 13766.05 14067.173 149.08126885195767 152.34232041871127 154.0984384721156 9.317579303247355 9.521395026169454 9.631152404507224
 4400 131072 7576.942 7594.824 7735.968 149.10009969017452 151.87101109913806 152.22943504120792 9.318756230635907 9.491938193696129 9.514339690075495
 4840 131072 8394.003 8442.163 8636.951 146.90102560498494 150.29050730245316 151.1527884848266 9.181314100311559 9.393156706403323 9.447049280301663
 5320 131072 8646.011 8671.999 8835.077 157.84877483240953 160.81714031562964 161.3005211304959 9.865548427025596 10.051071269726853 10.081282570655993
 5848 131072 9628.057 9678.125 9860.992 155.46286945573019 158.400321549887 159.22403783027042 9.716429340983137 9.900020096867937 9.951502364391901
 6432 131072 11201.859 11375.904 11448.145 147.2823944839972 148.21768960075613 150.52057055886885 9.205149655249825 9.263605600047258 9.407535659929303
 7072 131072 11494.875 11713.028 11826.038 156.76276095172364 158.2752442835448 161.27903678813385 9.797672559482727 9.89220276772155 10.079939799258366
 7776 131072 12942.076 12976.885 13153.791 154.9691449408007 157.08174527245944 157.50423224218434 9.685571558800044 9.817609079528715 9.844014515136521
 8552 65536 7123.947 7171.154 7338.047 152.7555961415892 156.3106501408281 157.346446288834 9.547224758849325 9.769415633801756 9.834152893052124
 9400 65536 7889.986 7910.013 8028.984 153.45363747144094 155.76166562558114 156.157032471287 9.590852341965059 9.735104101598822 9.759814529455438
 10336 65536 8654.118 8688.927 8831.024 153.40918471062926 155.91800828801993 156.54514902616305 9.588074044414329 9.744875518001246 9.78407181413519
 11368 65536 9545.088 9562.016 9675.026 154.0074926930429 155.82765140740196 156.10400826058387 9.625468293315182 9.739228212962622 9.756500516286492
 12504 65536 10514.975 10598.898 10821.819 151.44628532412156 154.63157471654128 155.86573320431097 9.465392832757598 9.66447341978383 9.741608325269436
 13752 65536 11643.171 11704.922 11821.985 152.47034605440626 153.99522901562264 154.8119617928827 9.529396628400391 9.624701813476415 9.675747612055169
 15120 65536 12816.191 12943.029 13140.202 150.8202567966611 153.11783972669767 154.6332010813509 9.42626604979132 9.569864982918604 9.664575067584432
 16632 32768 7048.845 7068.157 7199.049 151.40815849426778 154.21201764476933 154.63451842110302 9.463009905891736 9.638251102798083 9.664657401318939
 18288 32768 7782.936 7791.996 8148.193 147.09057186053397 153.8145512395027 153.99360447008686 9.193160741283373 9.613409452468918 9.624600279380429
 20112 32768 8472.919 8510.113 8811.951 149.57641412213937 154.8816134403856 155.561505072809 9.34852588263371 9.6801008400241 9.722594067050563
 22120 32768 9371.996 9415.865 9505.987 152.49929544401863 153.95891083825015 154.67957092597993 9.531205965251164 9.622431927390634 9.667473182873746
 24328 32768 10350.943 10429.144 10499.954 151.8444564614283 152.87542371646228 154.03039201355858 9.49027852883927 9.554713982278892 9.626899500847411
 26760 32768 11343.956 11511.087 11604.786 151.12242138717593 152.35254151063234 154.59715816951336 9.445151336698496 9.522033844414521 9.662322385594585
 29432 32768 12500.048 12612.82 12670.994 152.22606466390874 152.9281756181409 154.30785161784976 9.514129041494297 9.558010976133806 9.64424072611561
 32368 32768 13813.019 13834.0 14086.962 150.58386953837172 153.33737516264276 153.57028380254886 9.411491846148232 9.583585947665172 9.598142737659304
 35600 16384 7586.002 7627.964 7650.137 152.4862626643157 152.9295104171965 153.7754406075822 9.53039141651973 9.558094401074781 9.610965037973887
 39160 16384 8303.881 8337.021 8419.037 152.41587369196736 153.91527501250147 154.52953624937544 9.52599210574796 9.619704688281342 9.658096015585965
 43072 16384 9187.937 9202.003 9361.982 150.75689058150292 153.3778348040095 153.61264405709355 9.422305661343932 9.586114675250593 9.600790253568347
 47376 16384 10077.0 10146.856 10223.15 151.85307542195898 152.99485554934455 154.0554498362608 9.490817213872436 9.562178471834034 9.6284656147663
 52112 16384 11039.972 11126.995 11198.044 152.49145440042923 153.46515532720198 154.6748502623014 9.530715900026827 9.591572207950124 9.667178141393837
 57320 16384 12230.873 12288.094 12520.075 150.02000866608228 152.85216405408357 153.5672686651231 9.376250541630142 9.553260253380223 9.597954291570193
 63048 16384 13408.899 13448.0 13571.024 152.2329386492869 153.62558477096965 154.07356442911532 9.51455866558043 9.601599048185603 9.629597776819708
 69352 8192 7378.817 7439.137 7483.006 151.84581811106392 152.74126125113708 153.9898832021447 9.490363631941495 9.546328828196067 9.624367700134044
 76280 8192 8143.902 8161.068 8182.049 152.74554332295003 153.1382314177507 153.4610215103276 9.546596457684377 9.571139463609418 9.591313844395476
 83904 8192 8931.875 8952.856 9034.157 152.16507041000065 153.54688336325302 153.90756543278985 9.51031690062504 9.596680210203314 9.619222839549366
 92288 8192 9852.886 9892.941 9912.968 152.53217724499865 152.84095922537088 153.4623045471144 9.533261077812416 9.55255995158568 9.59139403419465
 101512 8192 10818.958 10869.98 11003.971 151.1429472142375 153.00604122546684 153.7276148035698 9.446434200889843 9.562877576591678 9.607975925223112
 111656 8192 11935.949 11981.01 12086.153 151.36097515892774 152.68928946724859 153.26572725805045 9.460060947432984 9.543080591703037 9.579107953628153
 122816 8192 13123.989 13154.984 13321.161 151.0542019573219 152.96235586451493 153.32360793658088 9.44088762233262 9.560147241532183 9.582725496036305
 135096 4096 8152.008 8164.167 8230.925 134.457115330294 135.55656468075676 135.75875195411976 8.403569708143374 8.472285292547298 8.484921997132485
 148600 4096 11019.945 11040.926 11077.166 109.89554548519 110.2562593028882 110.46617746277319 6.868471592824375 6.891016206430512 6.904136091423324
 163456 4096 12119.055 12161.016 12233.973 109.4518969430454 110.10852645864458 110.48976607499512 6.840743558940337 6.881782903665286 6.905610379687195
 179800 4096 13306.141 13368.13 13543.129 108.75785056761993 110.18157363819773 110.69487389318964 6.797365660476245 6.886348352387358 6.918429618324352
 197776 4096 14652.014 14710.903 14786.959 109.5682345504576 110.13470702648233 110.57735762469243 6.8480146594036 6.883419189155146 6.911084851543277
 217552 4096 15985.012 16191.006 16633.987 107.14123943946812 110.07259116573732 111.49106325350273 6.696327464966758 6.879536947858583 6.968191453343921
 239304 4096 17743.826 17796.993 17869.949 109.70251610678912 110.1522244797197 110.48228087899419 6.85640725667432 6.884514029982482 6.905142554937137
 263232 2048 9691.954 9772.062 9866.953 109.2736807401434 110.33477601758975 111.24673848018678 6.829605046258963 6.895923501099359 6.952921155011674
 289552 2048 10651.827 10740.042 10816.813 109.6445868112909 110.42833836217773 111.34287028882464 6.852786675705682 6.901771147636108 6.95892939305154
 318504 2048 11679.888 11773.825 11878.967 109.82372322441842 110.804465328812 111.69562447859087 6.863982701526151 6.92527908305075 6.9809765299119295
 350352 2048 12948.99 12997.15 13200.045 108.71491665369322 110.41203586940215 110.82268130564623 6.794682290855826 6.900752241837634 6.926417581602889
 385384 2048 14206.171 14262.199 14374.018 109.81848387834216 110.67948666261073 111.11599768861011 6.863655242396385 6.9174679164131705 6.944749855538132
 423920 2048 15676.975 15715.837 15842.915 109.59954781048813 110.4857679549616 110.75965356837018 6.849971738155508 6.9053604971851 6.922478348023136
 466312 2048 17003.059 17278.91 17498.016 109.15602957501011 110.5401875465524 112.33354845148746 6.822251848438132 6.908761721659525 7.020846778217966
 512936 2048 18814.802 19021.988 19041.061 110.3397471390906 110.45038278859181 111.66664714303133 6.896234196193163 6.903148924286988 6.979165446439458
 564224 1024 10276.079 10380.03 10522.127 109.81912231243739 111.32248673655086 112.44860534840186 6.863695144527337 6.957655421034429 7.028037834275116
 620640 1024 11314.869 11455.059 11547.804 110.07034064658527 110.9615166539081 112.33631781331273 6.879396290411579 6.935094790869257 7.021019863332046
 682704 1024 12603.998 12634.993 12739.897 109.74796672217994 110.65916633273956 110.93129275329939 6.859247920136246 6.9161978957962225 6.933205797081212
 750968 1024 13853.073 13901.949 13921.022 110.4791346497405 110.63070825536764 111.02103222873365 6.904945915608781 6.914419265960477 6.938814514295853
 826064 1024 15204.906 15322.208 15383.005 109.97715153833728 110.4135299559959 111.26534238357014 6.87357197114608 6.900845622249744 6.954083898973134
 908664 1024 16716.957 16855.001 23373.842 79.61651627490252 110.40900395081553 111.32073092010707 4.976032267181408 6.900562746925971 6.957545682506692
 999528 1024 18415.928 18573.999 19320.011 105.95404650649526 110.20961851026264 111.1555900957041 6.622127906655954 6.888101156891415 6.947224380981506
 1099480 512 10129.213 10179.043 10313.034 109.1693792534767 110.60642144846031 111.15054249525605 6.823086203342294 6.912901340528769 6.946908905953503
 1209424 512 11110.067 11176.109 11273.146 109.85843490361961 110.81228502692663 111.47099076900257 6.866152181476226 6.925767814182914 6.9669369230626605
 1330360 512 12202.024 12336.969 12359.858 110.21879377578611 110.42328468199929 111.64448127622107 6.888674610986632 6.901455292624956 6.977780079763817
 1463392 512 13381.958 13499.975 13552.904 110.56769884889614 111.00119874296063 111.98013085977402 6.910481178056009 6.937574921435039 6.998758178735876
 1609728 512 14780.045 14854.193 15375.137 107.20954694582558 110.96943953804828 111.52614704488383 6.700596684114099 6.935589971128017 6.970384190305239
 1770696 512 16263.962 16400.099 16457.081 110.177054120351 110.55986332765431 111.48530130604092 6.886065882521938 6.9099914579783945 6.967831331627558
 1947760 512 17871.857 18033.028 18057.823 110.45109036676237 110.60295808335682 111.60039161011639 6.903193147922648 6.9126848802098015 6.975024475632274
 2142536 256 9830.952 9941.816 10103.941 108.56936239037817 110.33984455153866 111.5841509550652 6.785585149398636 6.896240284471166 6.974009434691575
 2356784 256 10815.859 10921.001 10977.983 109.91758759327645 110.49109948804143 111.56519403590596 6.869849224579778 6.905693718002589 6.9728246272441226
 2592456 256 11909.008 11995.077 12122.869 109.49037492692528 110.65685297393256 111.45659420163291 6.84314843293283 6.916053310870785 6.966037137602057
 2851696 256 13057.947 13179.064 13334.99 109.49152207838176 110.78695361066612 111.81454113728597 6.84322012989886 6.924184600666632 6.988408821080373
 3136864 256 14388.084 14503.002 14713.049 109.15985993114003 110.74082234836622 111.62531216804128 6.822491245696252 6.921301396772889 6.97658201050258
 3450544 256 15825.033 16125.917 16480.923 107.19536326939942 109.55522889023923 111.63822078601669 6.699710204337464 6.847201805639952 6.977388799126043
 3795592 256 17534.018 17684.937 18205.881 106.74260169008025 109.88691133024675 110.832731208557 6.671412605630016 6.867931958140422 6.927045700534812
 4175144 256 19196.033 19452.095 19867.897 107.59436330880918 109.8942673269897 111.36018197093121 6.724647706800574 6.868391707936857 6.9600113731832005
 4592656 128 10626.078 10673.046 10857.105 108.29037169669078 110.15786271323105 110.64476808847066 6.768148231043174 6.884866419576941 6.915298005529416
 5051920 128 11641.026 11808.872 11947.87 108.24452559326473 109.51863310907257 111.09772626570887 6.765282849579045 6.8449145693170355 6.9436078916068045
 5557112 128 12850.046 13009.071 13103.008 108.5720677267388 109.35605409486965 110.70938360843222 6.785754232921175 6.834753380929353 6.919336475527014
 6112816 128 14118.195 14273.167 14569.044 107.41136453428241 109.63795883562491 110.84142810040518 6.713210283392651 6.852372427226557 6.927589256275324
 6724096 128 15631.914 15774.012 16246.08 105.95593373909276 109.12687121069769 110.11886170816958 6.622245858693297 6.820429450668605 6.8824288567605985
 7396504 128 17436.981 17670.87 17920.971 105.65861771664046 107.15403508712362 108.5913337865081 6.603663607290029 6.697127192945226 6.786958361656756
 8136152 128 19132.137 19458.055 19587.04 106.33842132348738 107.04332534778014 108.86681984349161 6.646151332717961 6.690207834236259 6.804176240218226
 8949760 64 10783.911 10867.834 11071.205 103.47286316168835 105.40916248812779 106.22948204969421 6.467053947605522 6.588072655507987 6.639342628105888
 9844736 64 12175.083 12493.134 12658.119 99.55082646955681 100.865500041863 103.50042032567663 6.221926654347301 6.304093752616438 6.468776270354789
 10829208 64 13660.908 13888.836 14185.19 97.71731108289701 99.8023609753906 101.46753231922798 6.107331942681063 6.237647560961912 6.341720769951749
 11912128 64 15315.056 15526.056 15719.175 96.99951708661555 98.20603403723392 99.55904725389185 6.062469817913472 6.13787712732712 6.2224404533682405
 13103336 64 17020.941 17041.922 17199.039 97.51864671043539 98.41771415219482 98.53902954014119 6.094915419402212 6.151107134512176 6.158689346258824
 14413664 64 18256.903 18387.079 18603.086 99.1743516102651 100.33942813864017 101.05487179287748 6.198396975641569 6.271214258665011 6.315929487054842
 15855024 64 19511.938 19771.814 23967.028 84.67645934239323 102.64324113103633 104.01032803609769 5.292278708899577 6.415202570689771 6.500645502256106
 17440520 32 10551.929 10710.955 10783.911 103.50542395982312 104.21043501723237 105.7809695269936 6.469088997488945 6.513152188577023 6.6113105954371
 19184568 32 11463.881 11498.928 11610.985 105.7457530088963 106.77624488126197 107.10267770574382 6.609109563056019 6.673515305078873 6.6939173566089885
 21103024 32 12477.875 12574.911 12701.035 106.33728164673195 107.40382464734742 108.23906602686756 6.646080102920747 6.712739040459214 6.764941626679223
 23213320 32 13747.931 13918.877 14312.029 103.80446266563601 106.73651904532241 108.06371373263366 6.487778916602251 6.671032440332651 6.753982108289604
 25534648 32 15373.945 15640.974 19763.947 82.68679692371164 104.4831013720757 106.29786121909504 5.1679248077319775 6.530193835754731 6.64361632619344
 28088112 32 17274.857 17472.029 17981.052 99.97408205037168 102.88668637168584 104.06101584516733 6.24838012814823 6.430417898230365 6.503813490322958
 30896920 32 19662.857 20048.857 20270.824 97.54921062903018 98.62920764011635 100.56538986170729 6.0968256643143866 6.164325477507272 6.2853368663567055
 33986608 16 11153.936 11392.117 11767.864 92.41876486675918 95.46701951884799 97.50562097541173 5.7761728041724485 5.966688719927999 6.094101310963233
 37385264 16 12641.907 12776.852 13077.974 91.47658865203432 93.63248850342792 94.63196082679616 5.717286790752145 5.852030531464245 5.91449755167476
 41123784 16 14130.116 14133.93 14826.059 88.7600061486333 93.10652366326985 93.13165497013613 5.547500384289581 5.819157728954366 5.820728435633508
 45236160 16 15601.873 15769.005 15919.924 90.92738884934374 91.79761944396618 92.78098341141477 5.682961803083984 5.7373512152478865 5.798811463213423
 49759776 16 17368.793 17472.982 17863.989 89.13534552669059 91.12999898929672 91.6766543305571 5.570959095418162 5.695624936831045 5.729790895659819
 54735752 16 18998.146 19205.809 19299.984 90.75365368178544 91.19866098845407 92.19552602659228 5.67210335511159 5.699916311778379 5.762220376662017
 60209320 16 20725.965 20892.859 21193.981 90.90780255016742 92.21802722164544 92.96060472938171 5.681737659385464 5.76362670135284 5.810037795586357
 66230248 16 22773.027 23132.086 23760.796 89.19599898925946 91.6202687470555 93.06483218063195 5.574749936828717 5.726266796690969 5.816552011289497
 72853272 8 12655.02 12745.142 13152.122 88.6284625401133 91.45856138754672 92.10987829335708 5.5392789087570815 5.71616008672167 5.756867393334818
 80138592 8 13860.941 13914.108 14210.939 90.22749812661921 92.15232999485127 92.50580260027078 5.639218632913701 5.7595206246782045 5.781612662516924
 88152448 8 15332.222 15463.829 15879.869 88.81932010900088 91.20892167134025 91.99183053832641 5.551207506812555 5.700557604458766 5.749489408645401
 96967688 8 16813.04 16975.164 17230.034 90.04526677080267 91.397232333072 92.27855331338056 5.627829173175167 5.712327020817 5.767409582086285
 106664456 8 18485.069 18505.096 19132.853 89.19899692952224 92.22493609327938 92.32485396727489 5.57493730809514 5.764058505829961 5.770303372954681
 117330896 8 20410.061 20529.985 20745.039 90.49365180754782 91.44158342054317 91.97886944090956 5.655853237971739 5.715098963783948 5.748679340056848
 129063984 8 22459.984 22731.066 28023.958 73.68779756235718 90.84588219487814 91.94235151725843 4.6054873476473235 5.677867637179884 5.746396969828652
 141970376 4 12289.047 12343.884 12820.959 88.5864316390061 92.01018156035816 92.42075549064138 5.536651977437881 5.750636347522385 5.7762972181650865
 156167408 4 13448.954 13555.05 16585.827 75.32571417753242 92.16780934043032 92.89490201245391 4.707857136095776 5.760488083776895 5.8059313757783695
 171784144 4 14862.061 15002.966 15105.963 90.97554071858907 91.60009774067342 92.46854470587895 5.685971294911817 5.725006108792089 5.779284044117435
 188962552 4 16345.978 16448.021 16503.096 91.60101934812715 91.90773868783363 92.48149092088586 5.725063709257947 5.744233667989602 5.780093182555366
 207858800 4 18054.962 18070.936 18231.153 91.21038038570572 92.019052029181 92.10046523498637 5.700648774106607 5.751190751823812 5.756279077186648
 228644680 4 19819.021 19932.985 20145.893 90.79555023944582 91.76535476247034 92.29302698654995 5.6747218899653635 5.735334672654396 5.768314186659372
 251509144 4 21750.927 21862.03 22053.003 91.23805732942584 92.03505584797021 92.5051678027332 5.702378583089115 5.752190990498138 5.781572987670825
 276660056 2 11923.075 12023.926 12080.908 91.60240471991013 92.0365131987672 92.81500149919378 5.725150294994383 5.75228207492295 5.8009375936996115
 304326056 2 13182.163 13278.961 13358.116 91.12843637530922 91.67164690068749 92.34480138047148 5.695527273456826 5.729477931292968 5.7715500862794675
 334758656 2 14452.934 14526.129 14650.106 91.40101948750404 92.18110509689126 92.64794428591455 5.712563717969003 5.761319068555704 5.790496517869659
 368234520 2 15877.008 16062.021 16141.891 91.249413095405 91.70315989500948 92.77176656962067 5.703088318462813 5.731447493438092 5.798235410601292
 405057968 2 17517.09 17662.048 17817.974 90.93244114061454 91.73522073997307 92.49435105945109 5.683277571288409 5.733451296248317 5.780896941215693
 445563760 2 19293.785 19533.873 20224.094 88.1253340693531 91.23920484176384 92.37456725054207 5.507833379334569 5.70245030261024 5.7734104531588795
 490120136 2 21251.917 21304.846 22078.991 88.79393736788062 92.0204043718504 92.24958595499878 5.5496210854925385 5.75127527324065 5.765599122187424
 539132144 1 11662.96 11744.976 12271.881 87.8646303692156 91.80642753122696 92.4520265867327 5.491539398075975 5.737901720701685 5.778251661670794
 593045352 1 12858.868 12913.942 13136.864 90.28720279055945 91.845751204396 92.23912275948395 5.6429501744099655 5.74035945027475 5.764945172467747
 652349880 1 14142.99 14173.985 14288.902 91.30860859707765 92.04890226707592 92.25063158497603 5.706788037317353 5.753056391692245 5.765664474061002
 717584864 1 15498.877 15583.992 15635.967 91.78643879204913 92.09256062246439 92.59830425133381 5.73665242450307 5.755785038904024 5.787394015708363
 789343344 1 17155.886 17224.073 17431.021 90.56765452809677 91.65582890876043 92.02011997515022 5.660478408006048 5.728489306797527 5.751257498446889
 868277672 1 18756.151 18841.982 19581.079 88.68537550969484 92.16415470516849 92.58591189631602 5.542835969355927 5.76025966907303 5.786619493519751
 955105432 1 20571.947 20817.995 21430.016 89.13716461994242 91.75767714422066 92.85513247725166 5.5710727887464015 5.734854821513792 5.803445779828229
 1050615968 1 22748.947 22989.035 23344.04 90.01149483979637 91.4014849253133 92.36611857243327 5.625718427487273 5.712592807832081 5.772882410777079
 
META_DATA
 FLOPS          1
 ERT_VERSION  1.1.0
 HOSTNAME  ('berks-mbp.attlocal.net', ['80.1.168.192.in-addr.arpa'], ['192.168.1.80'])
 UNAME  uname_result(system='Darwin', node='Berks-MBP.attlocal.net', release='23.1.0', version='Darwin Kernel Version 23.1.0: Mon Oct  9 21:27:24 PDT 2023; root:xnu-10002.41.9~6/RELEASE_ARM64_T6000', machine='arm64')
 TIMESTAMP_DATA  1706030181.1761549
 CONFIG  {'ERT_RESULTS': ['results.m1.pro.01'], 'ERT_DRIVER': ['driver1'], 'ERT_KERNEL': ['kernel1'], 'ERT_SPEC_GBYTES_DRAM': ['243'], 'ERT_SPEC_GFLOPS': ['29.73'], 'ERT_FLOPS': ['1,2,4,8,16'], 'ERT_ALIGN': ['64'], 'ERT_CC': ['clang'], 'ERT_CFLAGS': ['-O3', '-std=gnu++11'], 'ERT_LD': ['clang'], 'ERT_LDFLAGS': [], 'ERT_LDLIBS': [], 'ERT_PRECISION': ['FP64'], 'ERT_RUN': ['export', 'OMP_NUM_THREADS=1;', 'export', 'OMP_PROC_BIND=false;', 'export', 'OMP_PLACES=threads;', 'mpirun', '-np', '1', 'ERT_CODE'], 'ERT_NUM_EXPERIMENTS': ['5'], 'ERT_MEMORY_MAX': ['1073741824'], 'ERT_WORKING_SET_MIN': ['1'], 'ERT_TRIALS_MIN': ['1'], 'ERT_GNUPLOT': ['gnuplot'], 'ERT_MPI': [False], 'ERT_OPENMP': [False], 'ERT_GPU': [False], 'ERT_HIP': [False], 'ERT_OCL': [False], 'ERT_SYCL': [False], 'ERT_WSS_MULT': [1.1]}
 TIMESTAMP_DATA  1706030195.287523
 TIMESTAMP_DATA  1706030209.288394
 TIMESTAMP_DATA  1706030223.2824771
 TIMESTAMP_DATA  1706030237.3476648
 