fp64
 8 134217728 926379.204 928585.052 961350.203 2.233820351104664 2.3126407682039662 2.318147513164598 1.116910175552332 1.1563203841019831 1.159073756582299
 16 67108864 577646.017 578747.034 596890.926 3.5977823660197514 3.7105739154423043 3.7176464215107714 1.7988911830098757 1.8552869577211522 1.8588232107553857
 24 33554432 374198.914 374781.132 386775.97 4.16420062497678 4.297475508985869 4.304161973062274 2.08210031248839 2.1487377544929345 2.152080986531137
 32 33554432 426179.886 427079.916 437129.021 4.91269978618052 5.028294629523155 5.038913657225016 2.45634989309026 2.5141473147615776 2.519456828612508
 40 16777216 239042.997 240379.095 244581.938 5.487638584334057 5.583585710729129 5.614794396173003 2.7438192921670286 2.7917928553645646 2.8073971980865013
 48 16777216 267082.93 269078.016 275429.01 5.847651037194665 5.985671962142012 6.030384405323096 2.9238255185973325 2.992835981071006 3.015192202661548
 56 16777216 283116.102 284456.015 288753.986 6.507436375267908 6.605760092645606 6.637023393321513 3.253718187633954 3.302880046322803 3.3185116966607566
 64 16777216 141491.175 142084.837 144933.939 14.816982570245331 15.114094461747529 15.177509466579808 7.408491285122666 7.557047230873764 7.588754733289904
 72 8388608 70067.167 70374.012 70686.102 17.089067268131434 17.16485273001062 17.2400227341859 8.544533634065717 8.58242636500531 8.62001136709295
 80 8388608 70429.802 70538.998 71372.032 18.805367346133565 19.027450319041957 19.056950919725715 9.402683673066782 9.513725159520979 9.528475459862857
 88 8388608 90599.06 91078.043 91942.787 16.057757831508848 16.210218833972966 16.29591971484031 8.028878915754424 8.105109416986483 8.147959857420155
 96 8388608 122426.987 123037.1 126862.049 12.695780563973075 13.090464063278473 13.155700188880742 6.347890281986538 6.5452320316392365 6.577850094440371
 104 8388608 163208.961 164341.927 165991.068 10.51159249122971 10.617074387840177 10.690776127176006 5.255796245614855 5.308537193920088 5.345388063588003
 112 8388608 186088.085 187902.927 188337.803 9.977010255344222 10.000100700932668 10.097627647680936 4.988505127672111 5.000050350466334 5.048813823840468
 120 8388608 212101.936 213128.805 217170.954 9.270419837083738 9.446240361550377 9.491973331162804 4.635209918541869 4.723120180775188 4.745986665581402
 128 8388608 102076.054 102635.86 103233.099 20.802278230550844 20.92332687620097 21.038074688898146 10.401139115275422 10.461663438100485 10.519037344449073
 136 4194304 50628.901 51051.14 51151.037 22.303569094796654 22.347212775268094 22.533585866301937 11.151784547398327 11.173606387634047 11.266792933150969
 144 4194304 50798.893 51034.927 51590.204 23.414513964705392 23.669271673495288 23.779249520260215 11.707256982352696 11.834635836747644 11.889624760130108
 152 4194304 50945.997 51020.145 54233.789 23.510590713106918 24.99146985960154 25.027843031514333 11.755295356553459 12.49573492980077 12.513921515757167
 160 4194304 50988.913 51146.984 51642.179 25.98994283335721 26.24157232809661 26.32292396584332 12.994971416678604 13.120786164048305 13.16146198292166
 176 4194304 51342.964 51476.955 52139.044 28.316495561368555 28.680698149298063 28.755546874933046 14.158247780684277 14.340349074649032 14.377773437466523
 192 4194304 51302.91 51422.834 51975.012 30.988212874294284 31.320964068219187 31.39417892669246 15.494106437147142 15.660482034109593 15.69708946334623
 208 4194304 51424.026 51557.064 52044.153 33.525965231867644 33.84270415398363 33.93025789151554 16.762982615933822 16.921352076991816 16.96512894575777
 224 4194304 51515.818 51648.14 53015.947 35.44307511851104 36.38172046466726 36.47516947124862 17.72153755925552 18.19086023233363 18.23758473562431
 240 4194304 51577.091 51823.139 52154.064 38.60228265241228 38.84878374503713 39.03411148178171 19.30114132620614 19.424391872518566 19.517055740890854
 264 2097152 27320.147 27381.182 28451.92 38.918155822172984 40.44004586799795 40.53039158244646 19.459077911086492 20.220022933998976 20.26519579122323
 288 2097152 27504.921 27693.033 27973.89 43.18167948755072 43.61961912947563 43.917942974640795 21.59083974377536 21.809809564737815 21.958971487320397
 312 2097152 27851.105 27922.869 28304.815 46.23322385254947 46.865630032501315 46.98638879857729 23.116611926274736 23.432815016250657 23.493194399288644
 336 2097152 29059.887 29223.919 29757.023 47.35978273095397 48.223721945027286 48.4959264982689 23.679891365476983 24.111860972513643 24.24796324913445
 368 2097152 30843.019 31025.887 32064.915 48.13684589527214 49.74890393947481 50.04386477212234 24.06842294763607 24.874451969737404 25.02193238606117
 400 2097152 32480.001 32929.897 33249.855 50.45801252366363 50.948279613507445 51.653988557451086 25.229006261831817 25.474139806753723 25.826994278725543
 440 2097152 35086.155 35111.904 36534.071 50.51432018074307 52.56034420691057 52.598917151223894 25.257160090371535 26.280172103455286 26.299458575611947
 480 2097152 38066.864 38149.118 39941.788 50.4050023999927 52.77359020462805 52.887622158736264 25.20250119999635 26.386795102314025 26.443811079368132
 528 1048576 20056.963 20141.125 21086.931 52.51102002467784 54.97688217515159 55.2075733499633 26.25551001233892 27.488441087575794 27.60378667498165
 576 1048576 22289.991 22363.901 22587.061 53.48015627176992 54.013812348748985 54.19291340225305 26.74007813588496 27.006906174374492 27.096456701126524
 632 1048576 24755.955 24808.884 25536.06 51.9030760422712 53.424412964323594 53.53863601707145 25.9515380211356 26.712206482161797 26.769318008535723
 688 1048576 26131.868 26277.781 27956.009 51.61110715052353 54.90724563082401 55.213832244981496 25.805553575261765 27.453622815412004 27.606916122490748
 752 1048576 29167.891 29293.06 33287.048 47.37753567093122 53.83726739371031 54.06830079007083 23.68876783546561 26.918633696855157 27.034150395035415
 824 1048576 31458.139 31547.07 33172.846 52.09240256322897 54.77698080994527 54.931833316649794 26.046201281614486 27.388490404972636 27.465916658324897
 904 1048576 34077.883 34133.911 35083.055 54.03820756202674 55.54082003670778 55.63213559950305 27.01910378101337 27.77041001835389 27.816067799751526
 992 1048576 38045.168 38183.928 39402.962 52.79742127000503 54.482995672943865 54.68170843666665 26.398710635002516 27.241497836471932 27.340854218333327
 1088 524288 20790.1 20797.014 20975.828 54.38882736834035 54.85646583687447 54.87470902015863 27.194413684170176 27.428232918437235 27.437354510079317
 1192 524288 22527.933 22583.008 23000.002 54.34358623099249 55.3470375602754 55.482346826937025 27.171793115496246 27.6735187801377 27.741173413468513
 1304 524288 24641.037 24669.886 24958.134 54.78547009964767 55.42559475143096 55.49048540449007 27.392735049823834 27.71279737571548 27.745242702245037
 1432 524288 27018.07 27037.859 27794.123 54.02440048207313 55.53549310246791 55.57616928226184 27.012200241036567 27.767746551233955 27.78808464113092
 1568 524288 29680.967 29701.948 29927.969 54.93747898495885 55.35553317917061 55.39466311862414 27.468739492479425 27.677766589585303 27.69733155931207
 1720 524288 32558.918 32634.02 32785.892 55.00996343183221 55.265968458682075 55.39344765695224 27.504981715916106 27.632984229341037 27.69672382847612
 1888 524288 35938.978 35969.019 36694.05 53.951839276394935 55.03935172655112 55.08535852076817 26.975919638197468 27.51967586327556 27.542679260384084
 2072 262144 19539.833 19635.916 19930.124 54.506672211372084 55.32335420461158 55.59539510905748 27.253336105686042 27.66167710230579 27.79769755452874
 2272 262144 21490.097 21575.928 21917.105 54.34943784774495 55.20885757497893 55.42936060269992 27.174718923872476 27.604428787489464 27.71468030134996
 2496 262144 23674.965 23726.94 24008.989 54.5055374051777 55.15346049680237 55.274542032057916 27.25276870258885 27.576730248401184 27.637271016028958
 2744 262144 25838.137 25864.84 26319.981 54.65985222405746 55.621696171327564 55.67917965602551 27.32992611202873 27.810848085663782 27.839589828012755
 3016 262144 28494.835 28558.016 28637.171 55.216788278423174 55.36983409491752 55.49260446673932 27.608394139211587 27.68491704745876 27.74630223336966
 3312 262144 31385.899 31524.181 31898.022 54.437289434435776 55.08285388920968 55.32554144776926 27.218644717217888 27.54142694460484 27.66277072388463
 3640 262144 34415.96 34458.876 34575.224 55.19583387225488 55.38219876933885 55.45125924135197 27.59791693612744 27.691099384669425 27.725629620675985
 4000 262144 37625.074 37828.922 38427.83 54.573781553629225 55.43779439445829 55.73814951167936 27.286890776814612 27.718897197229143 27.86907475583968
 4400 131072 20701.885 20766.02 21108.866 54.642139468790035 55.54427858588213 55.71635626417595 27.321069734395017 27.772139292941066 27.858178132087975
 4840 131072 22901.058 22928.953 23040.056 55.06831059785619 55.335145917914346 55.40254777748696 27.534155298928095 27.667572958957173 27.70127388874348
 5320 131072 25129.08 25172.949 25219.202 55.29937386599306 55.40098142653052 55.49769748832826 27.64968693299653 27.70049071326526 27.74884874416413
 5848 131072 27622.938 27670.86 27715.921 55.311822832804296 55.40189614634311 55.498010819848346 27.655911416402148 27.700948073171556 27.749005409924173
 6432 131072 30243.158 30360.937 30390.978 55.480616912032254 55.53551288618003 55.751790471087716 27.740308456016127 27.767756443090015 27.875895235543858
 7072 131072 33291.101 33449.173 33516.169 55.313074951973185 55.423862586976355 55.68702482984867 27.656537475986593 27.711931293488178 27.843512414924334
 7776 131072 36640.882 36700.964 36855.936 55.30809864657894 55.541640377620595 55.63271495484197 27.65404932328947 27.770820188810298 27.816357477420986
 8552 65536 20200.014 20227.194 20263.91 55.31645886702024 55.41686820228253 55.49143401583782 27.65822943351012 27.708434101141265 27.74571700791891
 9400 65536 22109.985 22151.947 22238.97 55.40170250690567 55.61934578481972 55.72490438143671 27.700851253452836 27.80967289240986 27.862452190718354
 10336 65536 24345.16 24394.989 24425.983 55.46389645812822 55.534363717073205 55.64802991641871 27.73194822906411 27.767181858536603 27.824014958209354
 11368 65536 26819.944 26934.147 27006.149 55.1736012417024 55.32109466841478 55.5566594769922 27.5868006208512 27.66054733420739 27.7783297384961
 12504 65536 29433.012 29503.107 29622.793 55.32646054003077 55.55090479114623 55.68319980299672 27.663230270015386 27.775452395573115 27.84159990149836
 13752 65536 32460.928 32488.823 32531.023 55.40871382987249 55.48068466500002 55.528361481224444 27.704356914936245 27.74034233250001 27.764180740612222
 15120 65536 35613.06 35796.881 36174.059 54.785354333612375 55.36260659133961 55.64836720012266 27.392677166806187 27.681303295669807 27.82418360006133
 16632 32768 19572.02 19629.002 19698.143 55.334898929305155 55.529810022944616 55.69147957134726 27.667449464652577 27.764905011472308 27.84573978567363
 18288 32768 21497.011 21543.98 21667.004 55.315555763962564 55.63142780489027 55.752977379041205 27.657777881981282 27.815713902445136 27.876488689520603
 20112 32768 23720.98 23746.014 23765.087 55.462032686856986 55.506580262270546 55.565159280940335 27.731016343428493 27.753290131135273 27.782579640470168
 22120 32768 26036.978 26107.073 26180.029 55.372601764497674 55.52734004306036 55.67682701118387 27.686300882248837 27.76367002153018 27.838413505591934
 24328 32768 28671.026 28695.107 28813.124 55.334499931350734 55.56207920744119 55.60874619554947 27.667249965675367 27.781039603720593 27.804373097774736
 26760 32768 31538.963 31595.945 31755.924 55.22570717828901 55.50533019347895 55.605612651246645 27.612853589144503 27.752665096739474 27.802806325623322
 29432 32768 34569.025 34605.026 34692.049 55.59935511448171 55.73917361021489 55.79722170353372 27.799677557240855 27.869586805107446 27.89861085176686
 32368 32768 37935.019 38033.962 38182.02 55.556758076183506 55.77302853696914 55.91849704886137 27.778379038091753 27.88651426848457 27.959248524430684
 35600 16384 20931.005 20999.908 21116.972 55.24185948629377 55.54980526581354 55.73267026595234 27.620929743146885 27.77490263290677 27.86633513297617
 39160 16384 22996.902 23063.898 23093.939 55.564140876963435 55.63651382780135 55.79859756762019 27.782070438481718 27.818256913900676 27.899298783810096
 43072 16384 25361.061 25459.051 25486.946 55.37671308284641 55.43738829856619 55.65158713194215 27.688356541423204 27.718694149283095 27.825793565971075
 47376 16384 27848.005 27912.855 28048.038 55.34849774518988 55.61655258840416 55.74606755492898 27.67424887259494 27.80827629420208 27.87303377746449
 52112 16384 30724.049 30807.972 31287.193 54.57843456905834 55.42740742558451 55.57880785830019 27.28921728452917 27.713703712792256 27.789403929150094
 57320 16384 33575.058 33717.155 34224.987 54.87983852265598 55.70641295210109 55.942174694083924 27.43991926132799 27.853206476050545 27.971087347041962
 63048 16384 36976.099 37132.978 37728.071 54.75914376857486 55.6367136511378 55.872764295660275 27.37957188428743 27.8183568255689 27.936382147830138
 69352 8192 20361.9 20434.141 20798.922 54.630868272884534 55.606113709404276 55.80339595027968 27.315434136442267 27.803056854702138 27.90169797513984
 76280 8192 22401.81 22435.904 22657.871 55.15838270947875 55.70408573686177 55.78886348915556 27.579191354739375 27.852042868430885 27.89443174457778
 83904 8192 24693.012 24734.02 25237.083 54.47076177543974 55.578637682026624 55.67093783455822 27.23538088771987 27.789318841013312 27.83546891727911
 92288 8192 27117.014 27170.897 27676.105 54.63364848485724 55.649491144881964 55.76006974809247 27.31682424242862 27.824745572440982 27.880034874046235
 101512 8192 29911.995 30078.173 30402.899 54.704408549987285 55.29500106273077 55.60219597522666 27.352204274993642 27.647500531365385 27.80109798761333
 111656 8192 32775.164 32835.007 33467.054 54.661874451214025 55.714070778178915 55.81579710783446 27.330937225607013 27.857035389089457 27.90789855391723
 122816 8192 36211.967 36312.819 37377.119 53.83553890282448 55.41341596200504 55.56774488389433 26.91776945141224 27.70670798100252 27.783872441947164
 135096 4096 20115.852 20160.913 20479.918 54.0386163655538 54.89366637314491 55.016632255993926 27.0193081827769 27.446833186572455 27.508316127996963
 148600 4096 21950.96 22037.029 22505.045 54.09148037695549 55.24025947417867 55.45685473437153 27.045740188477744 27.620129737089336 27.728427367185766
 163456 4096 24255.991 24261.951 24784.088 54.027872722207896 55.190596667184764 55.20415768623924 27.013936361103948 27.595298333592382 27.60207884311962
 179800 4096 26654.959 26669.025 27229.071 54.093714765369704 55.22967562556186 55.25882069449066 27.046857382684852 27.61483781278093 27.62941034724533
 197776 4096 29350.996 29437.065 29888.153 54.20813363743154 55.03880879428707 55.200204858465455 27.10406681871577 27.519404397143536 27.600102429232727
 217552 4096 32121.181 32345.772 32795.906 54.34172131119049 55.09795790312255 55.48320231438564 27.170860655595245 27.548978951561274 27.74160115719282
 239304 4096 35203.934 35279.989 36095.858 54.31034131395353 55.566297597201626 55.68634369102044 27.155170656976765 27.783148798600813 27.84317184551022
 263232 2048 19458.055 19567.013 19834.042 54.36099570627107 55.10285458490778 55.41141044158833 27.180497853135535 27.55142729245389 27.705705220794165
 289552 2048 21408.081 21446.943 21842.003 54.29927795541462 55.29948916262798 55.399874094273095 27.14963897770731 27.64974458131399 27.699937047136547
 318504 2048 23464.918 23588.896 24097.919 54.13713872969694 55.30535994562865 55.59756842107865 27.06856936484847 27.652679972814326 27.798784210539324
 350352 2048 25860.071 25985.003 26472.092 54.209610332269925 55.225769725714486 55.492569683973414 27.104805166134962 27.612884862857243 27.746284841986707
 385384 2048 28375.149 28422.832 28896.093 54.62789948800344 55.53749408222235 55.63082202669667 27.31394974400172 27.768747041111176 27.815411013348335
 423920 2048 31137.943 31293.154 31905.174 54.423032452353965 55.48741811068326 55.764002137199626 27.211516226176983 27.74370905534163 27.882001068599813
 466312 2048 34474.85 34526.825 35274.982 54.14641889824351 55.31971016738435 55.40311131157931 27.073209449121755 27.659855083692175 27.701555655789655
 512936 2048 37685.871 37832.022 38511.992 54.55406866515759 55.5345906703057 55.74996146433766 27.277034332578793 27.76729533515285 27.87498073216883
 564224 1024 20707.13 20922.899 21200.18 54.50570476288409 55.228042347286575 55.803520429919544 27.252852381442047 27.614021173643287 27.901760214959772
 620640 1024 22866.011 22893.906 23307.085 54.535808317513755 55.52004625160949 55.58777698480072 27.267904158756878 27.760023125804747 27.79388849240036
 682704 1024 25102.139 25238.991 25658.131 54.49258139651715 55.39753122460402 55.699547835345825 27.246290698258576 27.69876561230201 27.849773917672913
 750968 1024 27638.912 27698.04 28378.963 54.19445608354329 55.52676160479225 55.645550157690714 27.097228041771643 27.763380802396124 27.822775078845357
 826064 1024 30394.077 30512.81 31160.116 54.29309287552075 55.44487944571477 55.66147220065278 27.146546437760374 27.722439722857384 27.83073610032639
 908664 1024 33454.895 33632.994 34166.098 54.46755646489102 55.33090131672488 55.62545845682673 27.23377823244551 27.66545065836244 27.812729228413364
 999528 1024 36788.94 37003.994 37669.897 54.34135760976464 55.31925402430883 55.642629116250696 27.17067880488232 27.659627012154417 27.821314558125348
 1099480 512 20229.816 20321.131 20678.997 54.44497719110844 55.40378239774153 55.653868527523926 27.22248859555422 27.701891198870765 27.826934263761963
 1209424 512 22315.025 22605.896 22815.943 54.28003462315803 54.78438793136091 55.498489291407914 27.140017311579015 27.392193965680455 27.749244645703957
 1330360 512 24513.006 24600.029 25005.817 54.47886945665483 55.37752170942563 55.57411604272442 27.239434728327414 27.688760854712815 27.78705802136221
 1463392 512 26942.015 27046.919 27089.834 55.3164485245646 55.40421842502652 55.61994557571139 27.6582242622823 27.70210921251326 27.809972787855695
 1609728 512 29550.076 29930.83 30184.984 54.60865813279874 55.072360906797435 55.78197064535468 27.30432906639937 27.536180453398718 27.89098532267734
 1770696 512 32661.915 33231.974 33494.949 54.133317354804745 54.5616912194262 55.513974119398696 27.066658677402373 27.2808456097131 27.756987059699348
 1947760 512 35933.971 36391.02 36648.989 54.421862496670784 54.80764870014636 55.504754539931035 27.210931248335392 27.40382435007318 27.752377269965518
 2142536 256 19754.887 19815.207 19876.003 55.191098129739665 55.36043262126911 55.52947136574358 27.595549064869832 27.680216310634556 27.76473568287179
 2356784 256 21708.012 21744.013 22024.87 54.78685722095068 55.49451281141158 55.58654601812455 27.39342861047534 27.74725640570579 27.793273009062275
 2592456 256 23846.149 23900.032 24564.028 54.03582311500378 55.537058360423956 55.6625504604538 27.01791155750189 27.768529180211978 27.8312752302269
 2851696 256 26556.969 26732.922 27700.186 52.709694873529 54.6168635063537 54.978727128084536 26.3548474367645 27.30843175317685 27.489363564042268
 3136864 256 29206.991 29347.181 29817.82 53.86290372669767 54.72669991710618 54.989381412142045 26.931451863348833 27.36334995855309 27.494690706071022
 3450544 256 32171.965 32224.894 32500.982 54.35769688435876 54.823408511444605 54.91360344324632 27.17884844217938 27.411704255722302 27.45680172162316
 3795592 256 35558.939 35939.217 36180.019 53.7131587465446 54.07305072895718 54.651324214144864 26.8565793732723 27.03652536447859 27.325662107072432
 4175144 256 39062.023 39131.88 39839.983 53.65649197189668 54.62742214276442 54.72511569613279 26.82824598594834 27.31371107138221 27.362557848066395
 4592656 128 21549.94 21569.967 21595.001 54.44407879397644 54.507266330078295 54.557921553377874 27.22203939698822 27.253633165039147 27.278960776688937
 5051920 128 23696.184 23798.943 23989.916 53.90979776669497 54.342393273516386 54.578050204201645 26.954898883347486 27.171196636758193 27.289025102100823
 5557112 128 26074.171 26370.049 26684.999 53.31162545668449 53.9483514801205 54.56053318051799 26.655812728342244 26.97417574006025 27.280266590258996
 6112816 128 28634.071 29020.071 29234.886 53.52786037886381 53.92408915884458 54.65100984068943 26.763930189431903 26.96204457942229 27.325504920344716
 6724096 128 31437.874 31762.838 32039.165 53.72701117522881 54.194419780751325 54.75461146004975 26.863505587614405 27.097209890375662 27.377305730024876
 7396504 128 34863.949 35244.942 35374.88 53.52682536308251 53.72416342747847 54.311260723792365 26.763412681541254 26.862081713739236 27.155630361896183
 8136152 128 38328.886 38881.063 39147.854 53.20482987394405 53.569906563511395 54.34165010691937 26.602414936972025 26.784953281755698 27.170825053459684
 8949760 64 21285.057 21439.075 21809.101 52.52712067315384 53.433708310643055 53.82035293586482 26.26356033657692 26.716854155321528 26.91017646793241
 9844736 64 23653.03 23796.082 24088.86 52.31157506000699 52.9551969101468 53.27546652585314 26.155787530003494 26.4775984550734 26.63773326292657
 10829208 64 26416.063 26506.901 26726.961 51.86293436055075 52.29349987009043 52.47332367431135 25.931467180275376 26.146749935045214 26.236661837155676
 11912128 64 29476.881 29639.959 30058.861 50.72555423839912 51.442459282754065 51.727059725213124 25.36277711919956 25.721229641377032 25.863529862606562
 13103336 64 32376.051 32438.993 32687.902 51.310329063027666 51.704040504586565 51.80455788137966 25.655164531513833 25.852020252293283 25.90227894068983
 14413664 64 35241.842 35315.037 35555.124 51.88982021269283 52.242589806716055 52.351094247570835 25.944910106346416 26.121294903358027 26.175547123785417
 15855024 64 37703.037 37992.954 38328.171 52.94912381809191 53.416301138363714 53.82704507331863 26.474561909045956 26.708150569181857 26.913522536659315
 17440520 32 20642.996 20689.011 20754.099 53.781823050954905 53.951021631725176 54.07128306375683 26.890911525477453 26.975510815862588 27.035641531878415
 19184568 32 22462.845 22693.157 23081.064 53.195656491399184 54.10496001063228 54.659699250028204 26.597828245699592 27.05248000531614 27.329849625014102
 21103024 32 24797.916 24843.931 24991.035 54.04312130329937 54.363117334370315 54.46399350655112 27.021560651649686 27.181558667185158 27.23199675327556
 23213320 32 27263.88 27302.98 27438.879 54.144066162469684 54.41356511267268 54.491601342142054 27.072033081234842 27.20678255633634 27.245800671071027
 25534648 32 29956.102 30027.866 30246.973 54.02912456727488 54.423363684918534 54.553742406138156 27.01456228363744 27.211681842459267 27.276871203069078
 28088112 32 32940.149 33017.159 33580.065 53.53292699105853 54.44560411754385 54.5728912155194 26.766463495529266 27.222802058771926 27.2864456077597
 30896920 32 36360.979 36387.92 36967.993 53.48959246989686 54.34228941912591 54.38255334104178 26.74479623494843 27.171144709562956 27.19127667052089
 33986608 16 20032.883 20117.044 20291.09 53.59847381289029 54.06219005138131 54.28931302598832 26.799236906445145 27.031095025690654 27.14465651299416
 37385264 16 22024.155 22089.958 22515.059 53.134590853170764 54.15711736527521 54.318926106359136 26.567295426585382 27.078558682637606 27.159463053179568
 41123784 16 24322.987 24366.856 24638.891 53.409915568034286 54.00619136092075 54.10359706231804 26.704957784017143 27.003095680460376 27.05179853115902
 45236160 16 26806.116 27059.078 27372.837 52.882977383747246 53.49617307729406 54.0010018609186 26.441488691873623 26.74808653864703 27.0005009304593
 49759776 16 29392.004 29480.934 31236.887 50.97540071774758 54.01161415035222 54.17503454340847 25.48770035887379 27.00580707517611 27.087517271704236
 54735752 16 32361.984 32478.094 33260.822 52.66087723267933 53.930013996511 54.12350689005964 26.330438616339666 26.9650069982555 27.06175344502982
 60209320 16 35589.218 35768.032 36607.027 52.631923373618946 53.866487258790194 54.13713333066211 26.315961686809473 26.933243629395097 27.068566665331055
 66230248 16 39214.134 39407.969 39929.867 53.07726008704211 53.78018684495008 54.04602167167584 26.538630043521056 26.89009342247504 27.02301083583792
 72853272 8 21514.893 21759.987 21951.914 53.10026050575818 53.56861435624938 54.17885889555667 26.55013025287909 26.78430717812469 27.089429447778336
 80138592 8 23710.012 23910.046 24221.182 52.9378571202677 53.62672543582727 54.079157446229885 26.46892856013385 26.813362717913634 27.039578723114943
 88152448 8 26029.11 26142.836 26465.893 53.29271028187108 53.95126863818447 54.18699171811867 26.64635514093554 26.975634319092237 27.093495859059335
 96967688 8 28769.016 28811.932 29025.078 53.45318996214239 53.84862799204163 53.92895634664738 26.726594981071194 26.924313996020814 26.96447817332369
 106664456 8 31518.936 31793.118 32023.907 53.29241357089877 53.67926782141973 54.14622168717877 26.646206785449387 26.839633910709864 27.073110843589387
 117330896 8 34738.064 34960.032 35116.911 53.45841312750999 53.69830142031906 54.04142084602067 26.729206563754996 26.84915071015953 27.020710423010335
 129063984 8 38096.189 38335.085 38964.987 52.996905760548565 53.86772310534853 54.20552024245785 26.498452880274282 26.933861552674266 27.102760121228926
 141970376 4 20973.921 21106.005 21221.161 53.52030494467292 53.81231587882217 54.15120081743419 26.76015247233646 26.906157939411084 27.075600408717094
 156167408 4 23133.993 23258.924 23452.044 53.27208425841261 53.71440501718824 54.004480073976 26.636042129206306 26.85720250859412 27.002240036988
 171784144 4 25361.061 25708.914 25904.179 53.05217941861813 53.455122686240266 54.18831459772129 26.526089709309066 26.727561343120133 27.094157298860644
 188962552 4 27915.001 28301.001 28474.092 53.0903818109459 53.41508648404345 54.15369377919779 26.54519090547295 26.707543242021725 27.076846889598894
 207858800 4 30666.113 30901.194 31461.954 52.85337331559254 53.81249669511153 54.22501377986835 26.42668665779627 26.906248347555763 27.112506889934174
 228644680 4 33879.042 34039.021 34506.083 53.00970962134415 53.73707545819252 53.990825360410135 26.504854810672075 26.86853772909626 26.995412680205067
 251509144 4 37266.97 37518.024 37826.061 53.192775002398484 53.62950756681643 53.99079002129768 26.596387501199242 26.814753783408214 26.99539501064884
 276660056 2 20514.965 20523.787 20664.93 53.55160767541917 53.919884473562306 53.943071509017926 26.775803837709585 26.959942236781153 26.971535754508963
 304326056 2 22531.986 22546.053 22783.041 53.43027842507943 53.991899335994646 54.02560715242767 26.715139212539714 26.995949667997323 27.012803576213834
 334758656 2 24809.837 24842.024 24904.966 53.76576799984388 53.901993814996715 53.97192347535374 26.88288399992194 26.950996907498357 26.98596173767687
 368234520 2 27253.866 27486.086 28255.939 52.12844209495215 53.588498558870846 54.04510611448666 26.064221047476074 26.794249279435423 27.02255305724333
 405057968 2 29942.036 30179.024 30564.07 53.010998600644484 53.68735158565764 54.11228120893315 26.505499300322242 26.84367579282882 27.056140604466574
 445563760 2 32924.891 33200.979 33452.988 53.27640807451939 53.68079778611347 54.13093212670012 26.638204037259694 26.840398893056737 27.06546606335006
 490120136 2 36236.048 36623.955 36811.113 53.257844825284145 53.530006357860586 54.103045232747235 26.628922412642073 26.765003178930293 27.051522616373617
 539132144 1 19910.097 19983.053 20057.917 53.75754062597826 53.95893650484738 54.15665669534407 26.87877031298913 26.97946825242369 27.078328347672034
 593045352 1 21929.979 21987.915 22158.861 53.526699950868405 53.94284560405113 54.085355211694456 26.763349975434203 26.971422802025565 27.042677605847228
 652349880 1 24111.986 24222.136 24384.975 53.50424841526391 53.86394329550458 54.11000819260595 26.752124207631955 26.93197164775229 27.055004096302977
 717584864 1 26433.945 26588.202 26713.848 53.723811260736376 53.97769010480663 54.29268041527664 26.861905630368188 26.988845052403317 27.14634020763832
 789343344 1 29210.091 29317.856 29410.839 53.677036823056966 53.847276144613026 54.04593528996537 26.838518411528483 26.923638072306513 27.022967644982685
 868277672 1 31990.051 32140.017 32391.071 53.61216194425926 54.03094043167432 54.28423180694523 26.80608097212963 27.01547021583716 27.142115903472614
 955105432 1 35362.959 35636.902 36887.884 51.784235278987545 53.60204610378309 54.01728017160555 25.892117639493772 26.801023051891544 27.008640085802774
 1050615968 1 38683.891 38958.073 39263.01 53.516832662600244 53.93572561969377 54.318008909703515 26.758416331300122 26.967862809846885 27.159004454851758
 
META_DATA
 FLOPS          8
 ERT_VERSION  1.1.0
 HOSTNAME  ('berks-mbp.attlocal.net', ['80.1.168.192.in-addr.arpa'], ['192.168.1.80'])
 UNAME  uname_result(system='Darwin', node='Berks-MBP.attlocal.net', release='23.1.0', version='Darwin Kernel Version 23.1.0: Mon Oct  9 21:27:24 PDT 2023; root:xnu-10002.41.9~6/RELEASE_ARM64_T6000', machine='arm64')
 TIMESTAMP_DATA  1706030397.872994
 CONFIG  {'ERT_RESULTS': ['results.m1.pro.01'], 'ERT_DRIVER': ['driver1'], 'ERT_KERNEL': ['kernel1'], 'ERT_SPEC_GBYTES_DRAM': ['243'], 'ERT_SPEC_GFLOPS': ['29.73'], 'ERT_FLOPS': ['1,2,4,8,16'], 'ERT_ALIGN': ['64'], 'ERT_CC': ['clang'], 'ERT_CFLAGS': ['-O3', '-std=gnu++11'], 'ERT_LD': ['clang'], 'ERT_LDFLAGS': [], 'ERT_LDLIBS': [], 'ERT_PRECISION': ['FP64'], 'ERT_RUN': ['export', 'OMP_NUM_THREADS=1;', 'export', 'OMP_PROC_BIND=false;', 'export', 'OMP_PLACES=threads;', 'mpirun', '-np', '1', 'ERT_CODE'], 'ERT_NUM_EXPERIMENTS': ['5'], 'ERT_MEMORY_MAX': ['1073741824'], 'ERT_WORKING_SET_MIN': ['1'], 'ERT_TRIALS_MIN': ['1'], 'ERT_GNUPLOT': ['gnuplot'], 'ERT_MPI': [False], 'ERT_OPENMP': [False], 'ERT_GPU': [False], 'ERT_HIP': [False], 'ERT_OCL': [False], 'ERT_SYCL': [False], 'ERT_WSS_MULT': [1.1]}
 TIMESTAMP_DATA  1706030420.670027
 TIMESTAMP_DATA  1706030443.892627
 TIMESTAMP_DATA  1706030467.100487
 TIMESTAMP_DATA  1706030490.2970219
 