fp64
 8 134217728 590924.978 596783.876 605667.114 3.545650074704238 3.5984277296392637 3.634105390616946 0.22160312966901488 0.22490173310245398 0.2271315869135591
 16 67108864 356956.005 358752.966 366610.05 5.857678064199278 5.985967647721134 6.016101754612588 0.36610487901245486 0.3741229779825709 0.37600635966328677
 24 33554432 191666.126 194437.981 223325.968 7.211936661123081 8.28342655954651 8.403220587867468 0.4507460413201926 0.5177141599716569 0.5252012867417167
 32 33554432 280255.079 283391.953 289131.88 7.427349927652392 7.577786261277505 7.662603852399763 0.4642093704782745 0.47361164132984407 0.4789127407749852
 40 16777216 166178.942 167519.093 170574.903 7.868550744537138 8.012085404497745 8.076698911706876 0.4917844215335711 0.500755337781109 0.5047936819816797
 48 16777216 183660.984 187643.051 191495.895 8.410690662585743 8.58338599493354 8.769487677361022 0.525668166411609 0.5364616246833462 0.5480929798350639
 56 16777216 201021.91 203474.998 208328.009 9.019661835293594 9.234786634572176 9.347479545886316 0.5637288647058496 0.577174164660761 0.5842174716178947
 64 16777216 73189.02 73370.218 75340.986 28.50352460213356 29.26914634491069 29.341609547443046 1.7814702876333475 1.8293216465569182 1.8338505967151904
 72 8388608 36568.88 36623.955 37451.982 32.25355475178857 32.982771849736054 33.03244594857704 2.0158471719867856 2.0614232406085033 2.064527871786065
 80 8388608 52521.944 52597.046 52837.133 25.40215950021361 25.518111416371177 25.55460018768536 1.5876349687633506 1.5948819635231986 1.597162511730335
 88 8388608 66195.011 66300.869 68341.017 21.6033514397364 22.268109457207863 22.303720260730827 1.350209464983525 1.3917568410754915 1.3939825162956767
 96 8388608 79008.102 79233.17 79958.2 20.143184013647133 20.327505967513357 20.385412321384457 1.2589490008529458 1.2704691229695848 1.2740882700865286
 104 8388608 90524.912 90902.09 93626.022 18.636170016921152 19.194613281168785 19.274588899904153 1.164760626057572 1.199663330073049 1.2046618062440095
 112 8388608 104597.092 105159.044 108582.973 17.305182756416148 17.868631365648397 17.96463129204395 1.0815739222760092 1.1167894603530248 1.122789455752747
 120 8388608 116135.836 116518.974 118505.955 16.988732085235714 17.278438445570245 17.335440888374887 1.0617957553272321 1.0799024028481403 1.0834650555234304
 128 8388608 51151.991 51345.825 52801.847 40.67061608659258 41.823919432592625 41.9824058852372 2.5419135054120363 2.613994964537039 2.623900367827325
 136 4194304 25512.934 25536.06 25789.976 44.23620588092056 44.676065454106855 44.71656172512342 2.764762867557535 2.7922540908816784 2.7947851078202137
 144 4194304 24882.078 24967.909 26806.116 45.06283386970346 48.38048520602987 48.54737421850377 2.8164271168564663 3.0237803253768667 3.0342108886564856
 152 4194304 27915.955 28007.03 28748.989 44.35176541338549 45.526727253835915 45.67525689162345 2.7719853383365933 2.8454204533647447 2.8547035557264655
 160 4194304 39587.975 39662.838 39695.024 33.81222996615395 33.8396682557108 33.90366089702744 2.113264372884622 2.114979265981925 2.118978806064215
 176 4194304 52847.147 52958.965 53481.102 27.605919713471874 27.878094067737162 27.93708065262255 1.725369982091992 1.7423808792335727 1.7460675407889095
 192 4194304 30616.045 30644.894 31546.831 51.05466016539031 52.5572950586809 52.60681894085275 3.1909162603368944 3.2848309411675563 3.2879261838032967
 208 4194304 30378.103 30412.912 31842.947 54.794880134681 57.37137121233245 57.43711067145964 3.4246800084175626 3.585710700770778 3.5898194169662276
 224 4194304 32791.853 32799.959 33598.9 55.925884240257865 57.28812624430414 57.30228761393874 3.4953677650161166 3.5805078902690086 3.581392975871171
 240 4194304 41373.014 41848.898 43636.084 46.13763966537418 48.107979330781895 48.6613307891951 2.8836024790858863 3.0067487081738684 3.0413331743246936
 264 2097152 18867.016 18902.063 27931.929 39.642670436402724 58.580709206185595 58.68952758613232 2.4776669022751703 3.6612943253865997 3.66809547413327
 288 2097152 18816.948 18857.002 19356.966 62.40438465408267 64.05893959177604 64.19529628290411 3.900274040880167 4.003683724486002 4.012206017681507
 312 2097152 21806.002 21838.903 22109.032 59.18951349837478 59.92163837167096 60.012048425933365 3.6993445936484237 3.745102398229435 3.7507530266208353
 336 2097152 20806.074 21228.075 21434.069 65.74981838492728 66.38784458788656 67.7343618022314 4.109363649057955 4.14924028674291 4.233397612639463
 368 2097152 19248.962 19468.069 19551.992 78.94356094253722 79.28387104031735 80.18634313891836 4.933972558908576 4.955241940019834 5.0116464461823975
 400 2097152 16825.914 16877.89 17601.013 95.31960461593887 99.40351548682922 99.71057738676187 5.9574752884961795 6.212719717926826 6.231911086672617
 440 2097152 14201.164 14470.816 15277.863 120.79528138195768 127.53211429127424 129.9536967533084 7.549705086372355 7.97075714320464 8.122106047081775
 480 2097152 13757.944 13861.895 14381.886 139.98622433803186 145.2374238875709 146.33479537349476 8.749139021126991 9.077338992973182 9.145924710843422
 528 1048576 7200.003 7328.987 7683.039 144.12217040678823 151.08448902965716 153.79108258704892 9.007635650424264 9.442780564353573 9.611942661690557
 576 1048576 7393.837 7484.198 7848.978 153.90023414513328 161.40133545371194 163.37384121397318 9.61876463407083 10.087583465856996 10.210865075873324
 632 1048576 8939.981 9023.905 9411.097 140.83374807421495 146.8765533325096 148.2553557999732 8.802109254638435 9.17978458328185 9.265959737498324
 688 1048576 9669.065 9837.151 9907.961 145.62436973661886 146.67260632677082 149.2223473520966 9.101523108538679 9.167037895423176 9.326396709506037
 752 1048576 10109.901 10326.147 12826.92 122.94910266845041 152.72475822782687 155.99146856136375 7.6843189167781505 9.54529738923918 9.749466785085234
 824 1048576 11696.1 11821.032 12022.018 143.74069711091764 146.18463497941636 147.74610750592075 8.983793569432352 9.136539686213522 9.234131719120047
 904 1048576 12043.953 12332.201 12808.084 148.01787745926714 153.7296876688922 157.40890121374602 9.251117341204196 9.608105479305763 9.838056325859126
 992 1048576 14025.927 14422.894 14631.987 142.17992293186154 144.24114771972947 148.32351430319008 8.886245183241346 9.015071732483092 9.27021964394938
 1088 524288 6927.013 7013.083 7313.013 156.0028251009536 162.67463082926582 164.69590687934323 9.7501765688096 10.167164426829114 10.293494179958952
 1192 524288 8069.038 8207.083 8367.062 149.38368951969042 152.29559540216664 154.9010665211888 9.336480594980651 9.518474712635415 9.6813166575743
 1304 524288 9752.035 9860.992 9999.99 136.73444713444712 138.6618206363011 140.2110537954386 8.545902945902945 8.666363789768818 8.763190862214913
 1432 524288 9634.018 9743.929 9838.104 152.6270541559634 154.10219347862653 155.86028923757462 9.539190884747713 9.631387092414158 9.741268077348414
 1568 524288 11332.035 11375.189 11538.029 142.49982973695074 144.53976703156317 145.09019500910472 8.906239358559422 9.033735439472698 9.068137188069045
 1720 524288 12094.021 12306.929 12382.03 145.6587263962371 146.5475846980185 149.12746720052826 9.10367039976482 9.159224043626157 9.320466700033016
 1888 524288 12811.899 12923.956 13360.977 148.17116203403387 153.1815403890264 154.52131553644 9.260697627127117 9.57384627431415 9.6575822210275
 2072 262144 7514.0 7623.911 7722.139 140.6766617384121 142.48916809233475 144.57342773489486 8.792291358650756 8.905573005770922 9.035839233430929
 2272 262144 7905.006 8028.03 8050.919 147.9560701082696 148.37791288771965 150.6870881565428 9.24725438176685 9.273619555482478 9.417943009783926
 2496 262144 8405.209 8496.046 8601.904 152.1317661764186 154.0272790425099 155.69188678116151 9.508235386026163 9.626704940156868 9.730742923822595
 2744 262144 9531.021 9670.973 9882.927 145.5688453430851 148.759206751999 150.9435633391218 9.098052833942818 9.297450421999937 9.433972708695112
 3016 262144 10192.871 10365.009 10418.892 151.76782790338936 152.5568002883548 155.13319142369212 9.485489243961835 9.534800018022175 9.695824463980758
 3312 262144 11677.027 11971.951 12094.021 143.57853818841556 145.04251278676298 148.70581835599077 8.973658636775973 9.065157049172686 9.294113647249423
 3640 262144 12475.967 12641.191 12759.924 149.56267137641257 150.9674460262486 152.96676562225596 9.347666961025785 9.435465376640538 9.560422851390998
 4000 262144 13548.136 13823.986 13856.888 151.34364945433634 151.70385733897587 154.79265930014282 9.458978090896021 9.481491083685992 9.674541206258926
 4400 131072 7585.049 7689.953 8034.945 143.5521462810262 149.99228213748512 152.0667302215187 8.972009142564138 9.37451763359282 9.504170638844919
 4840 131072 8384.943 8499.861 8630.991 147.00246588138026 149.27031865579917 151.31611031822163 9.187654117586266 9.329394915987448 9.457256894888852
 5320 131072 8671.045 8761.168 8934.975 156.083937559982 159.18038325483542 160.83483363308574 9.755246097498874 9.948773953427214 10.052177102067859
 5848 131072 9689.808 9782.076 9932.995 154.33593916034388 156.71705188142067 158.20933830680647 9.645996197521493 9.794815742588792 9.888083644175405
 6432 131072 11157.99 11348.009 11600.971 145.3421621345317 148.58202949962413 151.11236055956317 9.08388513340823 9.286376843726508 9.444522534972698
 7072 131072 11508.942 11807.919 11831.999 156.68378335731774 157.0033100667442 161.08191074383728 9.792736459832359 9.812706879171513 10.06761942148983
 7776 131072 12936.115 13232.946 13398.17 152.14254961685066 154.04217201521112 157.57681065760468 9.508909351053166 9.627635750950695 9.848550666100293
 8552 65536 7118.94 7256.031 8512.974 131.67287295838096 154.48221541501132 157.45711355904112 8.22955455989881 9.655138463438208 9.84106959744007
 9400 65536 7916.927 8057.117 8642.197 142.56522965167304 152.91782408025102 155.62563605803112 8.910326853229565 9.557364005015689 9.726602253626945
 10336 65536 8682.966 8843.899 9490.013 142.75641055496973 153.1858507203667 156.02504858362914 8.922275659685608 9.574115670022918 9.751565536476821
 11368 65536 9526.968 9729.862 10208.13 145.96468657824695 153.13953024205279 156.40091328111944 9.122792911140435 9.571220640128299 9.775057080069965
 12504 65536 10627.985 10733.128 11101.961 147.62475638312907 152.69773061497077 154.20837421204487 9.226547273945567 9.543608163435673 9.638023388252805
 13752 65536 11582.851 11876.822 12089.968 149.0907291069753 151.76636847803223 155.61817587051755 9.318170569185956 9.485398029877015 9.726135991907347
 15120 65536 12907.028 13119.936 13556.004 146.19416164232467 151.05322464987634 153.54492451709254 9.137135102645292 9.440826540617271 9.596557782318284
 16632 32768 7025.957 7076.979 7238.865 150.57536671840128 154.019780474126 155.13826116499146 9.41096041990008 9.626236279632876 9.696141322811966
 18288 32768 7731.915 7821.083 8019.924 149.44310793967622 153.24250720776138 155.0097702832998 9.340194246229764 9.577656700485086 9.688110642706237
 20112 32768 8486.032 8584.023 8771.181 150.2716717395297 153.5480545660234 155.3211244077326 9.391979483720606 9.596753410376463 9.707570275483288
 22120 32768 9406.09 9478.807 9655.952 150.1308540059023 152.93657946617122 154.11890806913394 9.383178375368894 9.558536216635702 9.632431754320871
 24328 32768 10369.062 10475.159 10688.066 149.17196506832948 152.20387661896112 153.7612378053097 9.323247816770593 9.51274228868507 9.610077362831856
 26760 32768 11323.929 11512.041 11727.095 149.5462738214366 152.33991609307162 154.87057186600165 9.346642113839788 9.521244755816976 9.679410741625103
 29432 32768 12514.114 12566.09 12792.11 150.7847846836839 153.49687547996234 154.13440791733237 9.424049042730244 9.593554717497646 9.633400494833273
 32368 32768 13921.022 14087.2 14451.027 146.79020722887032 150.5813254585723 152.37884459919678 9.174387951804395 9.41133284116077 9.523677787449799
 35600 16384 7592.916 7705.927 8129.12 143.5014860157065 151.3822801591554 153.63541490515632 8.968842875981656 9.461392509947213 9.60221343157227
 39160 16384 8352.995 8497.0 8854.866 144.9140935616643 151.0174037895728 153.62093237216112 9.057130847604018 9.4385877368483 9.60130827326007
 43072 16384 9207.964 9268.999 9799.957 144.01933559504394 152.26922518817835 153.27854192305702 9.001208474690246 9.516826574261147 9.579908870191064
 47376 16384 10137.081 10179.043 11017.084 140.9099511268136 152.51107279927984 153.14238566309177 8.80687194542585 9.53194204995499 9.571399103943236
 52112 16384 11089.087 11265.993 11638.165 146.72467833202225 151.57172705504078 153.98977535301148 9.17029239575139 9.473232940940049 9.624360959563218
 57320 16384 12210.131 12450.933 12581.11 149.29221348513764 150.8530934990976 153.82814156539354 9.330763342821102 9.4283183436936 9.614258847837096
 63048 16384 13520.002 13689.041 14119.864 146.3156347681536 150.92049647597665 152.80743775037902 9.1447271730096 9.43253102974854 9.550464859398689
 69352 8192 7454.157 7498.98 7606.983 149.37106708402 151.52236277467068 152.43349019882461 9.33569169275125 9.470147673416918 9.527093137426538
 76280 8192 8123.159 8219.957 8306.98 150.4483602945956 152.04112624920057 153.85289392956608 9.403022518412225 9.502570390575036 9.61580587059788
 83904 8192 8899.927 9068.012 9282.112 148.10025304585855 151.59696921442097 154.46004624532313 9.25626581536616 9.47481057590131 9.653752890332695
 92288 8192 9829.998 10017.872 10200.024 148.2395131619298 150.93490833182938 153.81962356452158 9.264969572620613 9.433431770739336 9.613726472782599
 101512 8192 10874.987 11028.051 11538.982 144.13512457164765 150.81292315387373 152.93559504944696 9.008445285727978 9.425807697117108 9.558474690590435
 111656 8192 11968.851 12189.865 12621.164 144.94478512441484 150.07318817722756 152.8444045297247 9.059049070275927 9.379574261076723 9.552775283107794
 122816 8192 13175.964 13324.022 13676.882 147.12544452748807 151.0217668508803 152.7187949208119 9.195340282968004 9.43886042818002 9.544924682550743
 135096 4096 8135.08 8196.115 8416.891 131.48636854154344 135.0281727379374 136.04124753536536 8.217898033846465 8.439260796121088 8.502577970960335
 148600 4096 11023.998 11082.888 11339.188 107.3561175632682 109.83880735779339 110.42556430071922 6.7097573477042625 6.864925459862087 6.901597768794951
 163456 4096 12101.889 12164.116 12242.079 109.37942419747496 110.08046552663589 110.64649097343398 6.836214012342185 6.880029095414743 6.915405685839624
 179800 4096 13344.049 13382.196 13434.887 109.63408921861419 110.0657620019913 110.38041002397398 6.852130576163387 6.879110125124456 6.898775626498374
 197776 4096 14672.041 14738.798 14916.897 108.61380835437826 109.92626345784778 110.42642206356977 6.7883630221486415 6.870391466115486 6.901651378973111
 217552 4096 16122.103 16190.767 16284.943 109.43765563072589 110.07421600224376 110.54302183778383 6.839853476920368 6.879638500140235 6.908938864861489
 239304 4096 17799.139 17848.969 19098.997 102.64300099109917 109.83146242228332 110.13894368710757 6.415187561943698 6.864466401392708 6.883683980444223
 263232 2048 9732.008 9793.997 10011.911 107.69155578790104 110.08766614896862 110.7888805681212 6.730722236743815 6.880479134310539 6.924305035507575
 289552 2048 10685.921 10750.055 11191.13 105.97723304081 110.32548131149096 110.98762493190806 6.623577065050625 6.895342581968185 6.936726558244254
 318504 2048 11799.812 11836.052 11893.034 109.6938244690127 110.22192062015273 110.56043808155587 6.8558640293132935 6.888870038759546 6.910027380097242
 350352 2048 12969.017 13036.966 13302.088 107.88094260089093 110.07482814636472 110.65154683658754 6.742558912555683 6.879676759147795 6.915721677286721
 385384 2048 14211.178 14259.1 14535.189 108.60078007929583 110.70354117721315 111.07684837949395 6.787548754955989 6.918971323575822 6.942303023718372
 423920 2048 15741.11 15896.082 18927.097 91.74023464876838 109.23297451535542 110.3083785069795 5.733764665548024 6.827060907209714 6.894273656686218
 466312 2048 17251.015 17374.039 18846.035 101.34831820061885 109.93494097716713 110.71893172662595 6.334269887538678 6.870933811072946 6.919933232914122
 512936 2048 18922.091 19002.199 19292.116 108.90385772094672 110.56540645637907 111.03349286291878 6.80649110755917 6.910337903523692 6.939593303932424
 564224 1024 10404.11 10499.954 10833.025 106.66741302637075 110.05102993784544 111.06483418572083 6.666713314148172 6.87818937111534 6.941552136607552
 620640 1024 11483.908 11522.055 11598.825 109.58616239144914 110.31632117708169 110.68276757354727 6.849135149465571 6.894770073567606 6.917672973346704
 682704 1024 12613.058 12631.893 12646.914 110.55485883749981 110.68632326128792 110.85161045005897 6.909678677343738 6.917895203830495 6.928225653128686
 750968 1024 13792.038 13949.156 14117.956 108.93804060587806 110.25630970074461 111.51234241088952 6.808627537867379 6.891019356296538 6.969521400680595
 826064 1024 15245.199 15362.024 15590.906 108.51063254438196 110.12735509331323 110.97126852853806 6.781914534023873 6.882959693332077 6.935704283033629
 908664 1024 16742.229 16831.16 16937.017 109.87435815881865 110.56539608678189 111.15269490101944 6.867147384926166 6.910337255423868 6.947043431313715
 999528 1024 18247.128 18543.005 18795.013 108.91364342232697 110.39383012623897 112.18386498960274 6.807102713895436 6.8996143828899354 7.011491561850171
 1099480 512 10092.974 10203.838 10239.84 109.94971796434318 110.33765138176439 111.54963046570812 6.871857372771449 6.896103211360274 6.9718519041067575
 1209424 512 11132.002 11260.986 11266.947 109.91887829063188 109.97706382016636 111.25134328937418 6.8699298931644925 6.873566488760398 6.953208955585886
 1330360 512 12238.979 12307.882 12456.179 109.3664951346637 110.68424607905732 111.30737621169219 6.835405945916481 6.917765379941082 6.956711013230762
 1463392 512 13345.003 13484.001 13547.897 110.60856219972737 111.13269778013216 112.29022638661077 6.913035137482961 6.94579361125826 7.018139149163173
 1609728 512 14616.013 14904.022 14914.036 110.5241714583497 110.5984325573325 112.77777818068442 6.907760716146856 6.912402034833281 7.048611136292776
 1770696 512 16093.016 16393.185 16472.101 110.07658974407697 110.60649312503945 112.66953963135315 6.879786859004811 6.912905820314966 7.041846226959572
 1947760 512 17771.006 18013.0 19122.124 104.30359305273828 110.72593349247765 112.23372722962334 6.518974565796142 6.920370843279853 7.014607951851459
 2142536 256 9821.892 9955.168 10148.048 108.097481604344 110.19185532579661 111.68707943439003 6.7560926002715 6.886990957862288 6.980442464649377
 2356784 256 10837.078 10955.811 11538.982 104.57364505811691 110.14003509187955 111.34674937284754 6.535852816132307 6.883752193242472 6.959171835802971
 2592456 256 11976.004 12102.127 13084.888 101.44049165724611 109.67803196909104 110.83308522609043 6.340030728577882 6.85487699806819 6.927067826630652
 2851696 256 13064.861 13202.19 13415.813 108.8318950182147 110.59289042196787 111.75536823545232 6.801993438638418 6.912055651372992 6.98471051471577
 3136864 256 14424.801 14480.114 15659.809 102.56027822561565 110.91586488890904 111.34118023534606 6.410017389100978 6.932241555556815 6.958823764709129
 3450544 256 15933.99 16443.968 18536.806 95.30652303314821 107.43626647777471 110.87483599525292 5.956657689571763 6.714766654860919 6.929677249703308
 3795592 256 17477.989 18018.961 18578.053 104.60423942164445 107.84989789366878 111.18802649435239 6.537764963852778 6.740618618354299 6.949251655897024
 4175144 256 19227.028 19788.027 20539.999 104.07370165889493 108.02864418974161 111.18066338697798 6.504606353680933 6.751790261858851 6.948791461686124
 4592656 128 10552.883 10878.086 12898.922 91.14869723221831 108.08150772111932 111.41220233371298 5.696793577013644 6.755094232569958 6.9632626458570615
 5051920 128 11625.051 12137.89 13621.092 94.94771197492828 106.54994566600949 111.25039537460954 5.934231998433018 6.659371604125593 6.953149710913096
 5557112 128 12842.894 13020.039 14156.103 100.49521905852198 109.26393323399415 110.77103587400161 6.280951191157624 6.8289958271246345 6.923189742125101
 6112816 128 14063.12 14391.899 14691.114 106.51887229246196 108.7334545635708 111.27551325737106 6.657429518278873 6.795840910223175 6.954719578585691
 6724096 128 15469.074 15785.933 16287.088 105.68915548316556 109.0444623070426 111.27806202232918 6.605572217697848 6.815278894190162 6.954878876395574
 7396504 128 17113.924 17676.115 17887.831 105.85436680389031 107.12223947400204 110.64119625633491 6.615897925243145 6.695139967125128 6.915074766020932
 8136152 128 19284.01 19946.098 22956.133 90.73195873189967 104.4241792053764 108.00942915918424 5.670747420743729 6.526511200336025 6.750589322449015
 8949760 64 10623.932 10854.959 11252.165 101.80878790881575 105.53418764640196 107.82912390629005 6.363049244300984 6.5958867279001225 6.739320244143128
 9844736 64 12212.038 12338.161 12597.084 100.03316704088024 102.13241730270823 103.18721641711237 6.252072940055015 6.383276081419265 6.449201026069523
 10829208 64 13957.977 14143.944 16061.068 86.3042622072206 98.00227037097997 99.30798882961334 5.394016387951288 6.125141898186248 6.2067493018508335
 11912128 64 15502.93 15547.991 15648.127 97.43992900875611 98.06748563206654 98.35252974760255 6.089995563047257 6.1292178520041585 6.147033109225159
 13103336 64 17002.106 17095.804 19716.024 85.06923140284268 98.1075243960448 98.64819146522201 5.316826962677667 6.1317202747528 6.165511966576376
 14413664 64 18341.064 18568.993 18641.949 98.96760215361601 99.35643747617333 100.59116483100436 6.185475134601001 6.209777342260833 6.286947801937773
 15855024 64 19548.178 19936.085 20091.057 101.01225993236692 101.79747287393688 103.81750524268809 6.313266245772932 6.362342054621055 6.488594077668005
 17440520 32 10536.909 10641.813 10710.955 104.21043501723237 104.8875111787813 105.93175664703949 6.513152188577023 6.555469448673831 6.620734790439968
 19184568 32 11412.144 11593.103 11960.983 102.65145866355633 105.90886253663062 107.58822811909837 6.41571616647227 6.619303908539414 6.724264257443648
 21103024 32 12518.883 12668.848 12851.0 105.09637662438722 106.6074465492048 107.88450822649274 6.568523539024201 6.6629654093253 6.742781764155796
 23213320 32 13891.935 13920.069 15307.188 97.05587205174459 106.72737900940002 106.94352370638072 6.065992003234037 6.6704611880875015 6.683970231648795
 25534648 32 15537.024 15691.996 17197.132 95.02848916900794 104.1433780635682 105.18214247464637 5.939280573062996 6.508961128973013 6.573883904665398
 28088112 32 17299.891 17549.038 19024.849 94.48901108229558 102.43519718858663 103.91043319290276 5.9055631926434735 6.402199824286664 6.494402074556422
 30896920 32 20038.843 20415.068 23610.115 83.75236122314524 96.859970292531 98.67849555984844 5.234522576446578 6.053748143283188 6.167405972490528
 33986608 16 11250.019 11414.051 16418.934 66.23885911229073 95.28356374086641 96.67285504140038 4.13992869451817 5.955222733804151 6.042053440087524
 37385264 16 12656.927 13903.856 17786.98 67.25866043589187 86.0429256459503 94.5196608939911 4.203666277243242 5.377682852871894 5.907478805874444
 41123784 16 14045.954 14418.84 17696.857 74.36128844799954 91.2667792970863 93.68969085332331 4.647580527999971 5.704173706067894 5.855605678332707
 45236160 16 15753.031 15872.955 17159.939 84.35677539413165 91.19644829837921 91.89070471580992 5.272298462133228 5.699778018648701 5.74316904473812
 49759776 16 17319.918 17770.052 18758.059 84.88686553336888 89.6065375610606 91.93535627593617 5.305429095835555 5.600408597566288 5.745959767246011
 54735752 16 19072.056 19189.119 23518.085 74.47647476399545 91.27798227735208 91.83824040785115 4.654779672749716 5.704873892334505 5.739890025490697
 60209320 16 20891.905 21089.077 27690.887 69.57878380710594 91.3600078372325 92.22223823054911 4.348673987944121 5.710000489827031 5.763889889409319
 66230248 16 22953.987 23195.028 24557.114 86.30362411478808 91.37164809630755 92.33114648013 5.393976507174255 5.710728006019222 5.770696655008125
 72853272 8 12619.019 12674.093 13604.879 85.67899442545574 91.97126390030434 92.37266003007048 5.354937151590984 5.748203993769021 5.773291251879405
 80138592 8 14011.86 14194.012 14969.11 85.65756227324135 90.33509849082837 91.50944071665002 5.353597642077585 5.645943655676773 5.719340044790626
 88152448 8 15285.015 15619.04 17166.138 82.16403526524138 90.30255175734231 92.27594267980764 5.135252204077586 5.643909484833895 5.767246417487978
 96967688 8 16829.014 17001.152 19495.964 79.57970213732442 91.25752231378203 92.19096305939254 4.973731383582776 5.703595144611377 5.761935191212034
 106664456 8 18469.81 18805.981 22515.059 75.79954802694499 90.74938956920143 92.40112897750437 4.737471751684062 5.671836848075089 5.775070561094023
 117330896 8 20138.979 20509.005 22310.972 84.14220303803886 91.53512498534181 93.21695682785112 5.258887689877429 5.720945311583863 5.826059801740695
 129063984 8 22473.097 23052.931 24173.021 85.42679642730629 89.57749207682093 91.88870336829854 5.339174776706643 5.598593254801308 5.7430439605186585
 141970376 4 12363.911 12521.982 13403.893 84.73381636215689 90.70153654589187 91.86114393738357 5.295863522634805 5.668846034118242 5.741321496086473
 156167408 4 13603.926 14207.125 14672.041 85.1510205021919 87.93751473292451 91.83667009067825 5.321938781386994 5.496094670807782 5.739791880667391
 171784144 4 14979.839 15486.956 16793.966 81.83136443172506 88.73746086706774 91.74151684807828 5.1144602769828165 5.546091304191734 5.733844803004892
 188962552 4 16489.029 16552.925 17513.99 86.31387913319581 91.32527429442229 91.67916534078509 5.394617445824738 5.707829643401393 5.729947833799068
 207858800 4 18128.872 18277.168 18921.137 87.88427460781031 90.98074712668834 91.72497880728596 5.4927671629881445 5.686296695418021 5.732811175455373
 228644680 4 19876.003 20202.16 22212.029 82.34985826823835 90.54266672474625 92.02843448957016 5.146866141764897 5.658916670296641 5.751777155598135
 251509144 4 21756.172 22037.029 24075.031 83.57510119093928 91.30419313783179 92.4828665631068 5.223443824433705 5.706512071114487 5.780179160194175
 276660056 2 11820.078 12109.995 12533.903 88.29174950532168 91.38238488124891 93.623766611354 5.518234344082605 5.711399055078057 5.851485413209625
 304326056 2 13075.113 13273.001 14549.971 83.66368730219463 91.71281038854741 93.10085687213565 5.2289804563871645 5.732050649284213 5.818803554508478
 334758656 2 14277.935 14622.927 17205.954 77.82391049051972 91.57090259699717 93.78349348137527 4.863994405657483 5.723181412312323 5.861468342585955
 368234520 2 15957.117 16130.924 17606.02 83.66104775525645 91.311451222509 92.30602746097557 5.228815484703528 5.706965701406813 5.769126716310973
 405057968 2 17632.008 17809.153 19265.175 84.10159118720696 90.97748062471024 91.8915118459565 5.256349449200435 5.68609253904439 5.743219490372281
 445563760 2 19106.15 19478.798 21807.909 81.72516860740751 91.49717759791955 93.28174645336709 5.107823037962969 5.718573599869972 5.830109153335443
 490120136 2 21040.916 21460.056 22848.845 85.8021726699971 91.3548661755589 93.17467661578992 5.362635791874819 5.709679135972431 5.82341728848687
 539132144 1 11691.809 11723.995 13042.927 82.67042267429696 91.97072226659938 92.22390547091558 5.16690141714356 5.748170141662461 5.763994091932224
 593045352 1 12919.188 13384.104 13830.9 85.75658156736003 88.61935800857495 91.80845607324547 5.359786347960002 5.538709875535934 5.738028504577842
 652349880 1 14236.927 14250.04 15827.179 82.43413181843714 91.55762089088873 91.64195054171452 5.152133238652321 5.7223513056805455 5.727621908857158
 717584864 1 15638.113 15784.025 17424.822 82.36352302479762 90.92545963402871 91.77384304615269 5.147720189049851 5.6828412271267945 5.735865190384543
 789343344 1 17290.115 17448.902 20512.104 76.96366438079681 90.4748440904763 91.3057367171936 4.810229023799801 5.6546777556547685 5.7066085448246
 868277672 1 18821.001 19199.848 20617.962 84.22536349615932 90.44630686659602 92.26689611248625 5.264085218509957 5.652894179162251 5.766681007030391
 955105432 1 20750.999 21235.943 22439.003 85.1290435675774 89.95177958426427 92.05392299426163 5.320565222973587 5.621986224016517 5.753370187141352
 1050615968 1 22977.114 23023.129 23868.799 88.03257910043988 91.26613224466578 91.44890589827774 5.502036193777492 5.7041332652916115 5.715556618642359
 
META_DATA
 FLOPS          1
 ERT_VERSION  1.1.0
 HOSTNAME  ('berks-mbp.attlocal.net', ['80.1.168.192.in-addr.arpa'], ['192.168.1.80'])
 UNAME  uname_result(system='Darwin', node='Berks-MBP.attlocal.net', release='23.1.0', version='Darwin Kernel Version 23.1.0: Mon Oct  9 21:27:24 PDT 2023; root:xnu-10002.41.9~6/RELEASE_ARM64_T6000', machine='arm64')
 TIMESTAMP_DATA  1706029757.103841
 CONFIG  {'ERT_RESULTS': ['results.m1.pro.01'], 'ERT_DRIVER': ['driver1'], 'ERT_KERNEL': ['kernel1'], 'ERT_SPEC_GBYTES_DRAM': ['243'], 'ERT_SPEC_GFLOPS': ['29.73'], 'ERT_FLOPS': ['1,2,4,8,16'], 'ERT_ALIGN': ['64'], 'ERT_CC': ['clang'], 'ERT_CFLAGS': ['-O3', '-std=gnu++11'], 'ERT_LD': ['clang'], 'ERT_LDFLAGS': [], 'ERT_LDLIBS': [], 'ERT_PRECISION': ['FP64'], 'ERT_RUN': ['export', 'OMP_NUM_THREADS=1;', 'export', 'OMP_PROC_BIND=false;', 'export', 'OMP_PLACES=threads;', 'mpirun', '-np', '1', 'ERT_CODE'], 'ERT_NUM_EXPERIMENTS': ['5'], 'ERT_MEMORY_MAX': ['1073741824'], 'ERT_WORKING_SET_MIN': ['1'], 'ERT_TRIALS_MIN': ['1'], 'ERT_GNUPLOT': ['gnuplot'], 'ERT_MPI': [False], 'ERT_OPENMP': [False], 'ERT_GPU': [False], 'ERT_HIP': [False], 'ERT_OCL': [False], 'ERT_SYCL': [False], 'ERT_WSS_MULT': [1.1]}
 TIMESTAMP_DATA  1706029771.0909948
 TIMESTAMP_DATA  1706029785.046317
 TIMESTAMP_DATA  1706029799.007787
 TIMESTAMP_DATA  1706029812.8570728
 