fp64
 8 134217728 1597040.892 1613341.808 1627650.023 1.319376781036669 1.3310779137758515 1.3446641590439627 1.319376781036669 1.3310779137758515 1.3446641590439627
 16 67108864 981168.032 996499.062 1013023.138 2.119876207605438 2.155028268355761 2.1887011989399996 2.119876207605438 2.155028268355761 2.1887011989399996
 24 33554432 601707.935 612122.059 630358.934 2.5550724343346896 2.6311953838605247 2.6767350774591328 2.5550724343346896 2.6311953838605247 2.6767350774591328
 32 33554432 704334.974 714518.07 725466.013 2.960143700074341 3.0054994242482915 3.0489521708743093 2.960143700074341 3.0054994242482915 3.0489521708743093
 40 16777216 402284.861 408406.019 421212.196 3.1864634802739666 3.2863797729680377 3.3363852586041016 3.1864634802739666 3.2863797729680377 3.3363852586041016
 48 16777216 462135.077 468374.014 475929.976 3.3841380396682554 3.438732055702817 3.48515578271069 3.3841380396682554 3.438732055702817 3.48515578271069
 56 16777216 505496.025 507409.096 525712.013 3.5742919041874734 3.7032213391775692 3.7172363363292518 3.5742919041874734 3.7032213391775692 3.7172363363292518
 64 16777216 228299.141 232117.176 234343.052 9.163846035426731 9.251722276683221 9.406446465779737 9.163846035426731 9.251722276683221 9.406446465779737
 72 8388608 114571.095 115428.925 117917.061 10.244145688129048 10.464964063383592 10.543318556918742 10.244145688129048 10.464964063383592 10.543318556918742
 80 8388608 114828.825 115800.858 122904.062 10.920528240962451 11.590391497790112 11.688504868006792 10.920528240962451 11.590391497790112 11.688504868006792
 88 8388608 120961.905 122627.974 124960.899 11.814855845427296 12.03962652110684 12.205454337049337 11.814855845427296 12.03962652110684 12.205454337049337
 96 8388608 179683.924 181782.007 186674.118 8.627938105484983 8.860132873326675 8.963588395364742 8.627938105484983 8.860132873326675 8.963588395364742
 104 8388608 290390.968 292644.978 297482.967 5.865312160880794 5.96227714524457 6.008556244077123 5.865312160880794 5.96227714524457 6.008556244077123
 112 8388608 261912.107 264961.958 266810.894 7.04262170044676 7.091765950793585 7.174346438288169 7.04262170044676 7.091765950793585 7.174346438288169
 120 8388608 273351.192 277375.937 277557.135 7.253518883598506 7.258257301533694 7.365125812218884 7.253518883598506 7.258257301533694 7.365125812218884
 128 8388608 129199.028 131270.17 132791.042 16.17190147510101 16.359266145537863 16.621515511711127 16.17190147510101 16.359266145537863 16.621515511711127
 136 4194304 64985.991 65525.055 66133.022 17.25084766276067 17.41090775124111 17.55533262545769 17.25084766276067 17.41090775124111 17.55533262545769
 144 4194304 66392.899 66420.078 66980.839 18.034404615325883 18.18666265342236 18.19410765600098 18.034404615325883 18.18666265342236 18.19410765600098
 152 4194304 67131.042 67336.082 67870.14 18.786883539653818 18.93588664692431 18.99372299330614 18.786883539653818 18.93588664692431 18.99372299330614
 160 4194304 69066.048 69291.115 70225.0 19.112528017087932 19.370120974384665 19.433242799703844 19.112528017087932 19.370120974384665 19.433242799703844
 176 4194304 88434.219 89061.975 89599.848 16.47765081030048 16.577164474513392 16.694838544342208 16.47765081030048 16.577164474513392 16.694838544342208
 192 4194304 77347.994 77523.947 77726.126 20.721639156440137 20.775680268188616 20.822941264643525 20.721639156440137 20.775680268188616 20.822941264643525
 208 4194304 81182.003 81463.099 82424.164 21.168919153368662 21.41866053978624 21.492823526416316 21.168919153368662 21.41866053978624 21.492823526416316
 224 4194304 86093.903 86213.112 86640.835 21.687789504798744 21.795387597190555 21.825566347015304 21.687789504798744 21.795387597190555 21.825566347015304
 240 4194304 91709.852 92188.835 93003.035 21.647314197864617 21.838500508223145 21.952558815600312 21.647314197864617 21.838500508223145 21.952558815600312
 264 2097152 50393.105 50504.923 50737.858 21.823866825438316 21.92452121944627 21.97316986123399 21.823866825438316 21.92452121944627 21.97316986123399
 288 2097152 54924.965 55139.065 55413.961 21.798830659299014 21.907508805236358 21.992905266302856 21.798830659299014 21.907508805236358 21.992905266302856
 312 2097152 59214.83 59370.995 59736.967 21.906415971872157 22.041450509630163 22.099579581668984 21.906415971872157 22.041450509630163 22.099579581668984
 336 2097152 64037.085 64317.226 64564.943 21.827420245689677 21.9114882846471 22.00734377587612 21.827420245689677 21.9114882846471 22.00734377587612
 368 2097152 69841.862 70110.083 70939.064 21.758165176805832 22.015433529011798 22.099981698655174 21.758165176805832 22.015433529011798 22.099981698655174
 400 2097152 52258.968 52306.89 52718.163 31.82435624701111 32.07458137924086 32.10399409341569 31.82435624701111 32.07458137924086 32.10399409341569
 440 2097152 58522.94 58811.903 59967.995 30.774645041909437 31.37959606578281 31.534536029803014 30.774645041909437 31.37959606578281 31.534536029803014
 480 2097152 65654.039 65949.917 66009.045 30.49984922520845 30.527194143398237 30.66476869762727 30.49984922520845 30.527194143398237 30.66476869762727
 528 1048576 34235.001 34358.978 34444.809 32.1469704186776 32.227275677408095 32.34398199667061 32.1469704186776 32.227275677408095 32.34398199667061
 576 1048576 38269.043 38371.086 38596.869 31.296827522460436 31.48098419731982 31.5649270874111 31.296827522460436 31.48098419731982 31.5649270874111
 632 1048576 43282.986 43488.026 43611.05 30.39138163378318 30.47735631872553 30.621733537515187 30.39138163378318 30.47735631872553 30.621733537515187
 688 1048576 45091.867 45281.887 45602.083 31.639795401451288 31.863525828771227 31.997800756398043 31.639795401451288 31.863525828771227 31.997800756398043
 752 1048576 50933.123 51090.002 51118.851 30.850816736862882 30.8682372727251 30.96331446237844 30.850816736862882 30.8682372727251 30.96331446237844
 824 1048576 53871.155 54146.051 54733.038 31.572397790161038 31.914668126028246 32.077523639506154 31.572397790161038 31.914668126028246 32.077523639506154
 904 1048576 58441.877 58610.916 59072.018 32.09345934313604 32.345944021758676 32.439502379432476 32.09345934313604 32.345944021758676 32.439502379432476
 992 1048576 65732.956 65924.883 65978.05 31.5313166121157 31.55674594067918 31.648885286704584 31.5313166121157 31.55674594067918 31.648885286704584
 1088 524288 35732.031 35784.006 35909.176 31.770450204705337 31.88158106166202 31.92795528471359 31.770450204705337 31.88158106166202 31.92795528471359
 1192 524288 38326.979 38549.9 38995.028 32.05287074034156 32.422978840412036 32.61156043631824 32.05287074034156 32.422978840412036 32.61156043631824
 1304 524288 42175.055 42344.093 42931.08 31.84972528061255 32.29123608811269 32.4206596529631 31.84972528061255 32.29123608811269 32.4206596529631
 1432 524288 46321.154 46501.875 47148.943 31.847179097949237 32.29032876631319 32.416308799215145 31.847179097949237 32.29032876631319 32.416308799215145
 1568 524288 50814.152 50993.919 51045.179 32.21003824866595 32.24241635556585 32.35648147783712 32.21003824866595 32.24241635556585 32.35648147783712
 1720 524288 55356.979 55445.91 56334.972 32.01476198479339 32.52811109061065 32.580367508855566 32.01476198479339 32.52811109061065 32.580367508855566
 1888 524288 62031.984 62474.966 63149.929 31.349385808493945 31.688076276824223 31.914366756349434 31.349385808493945 31.688076276824223 31.914366756349434
 2072 262144 33139.944 33432.961 33614.159 32.317474787930884 32.4926271412215 32.77992069027032 32.317474787930884 32.4926271412215 32.77992069027032
 2272 262144 37152.052 37386.894 37518.978 31.748794863228948 31.86096004658745 32.062356501869665 31.748794863228948 31.86096004658745 32.062356501869665
 2496 262144 40544.987 40650.129 40760.994 32.1047825281199 32.1923418250407 32.275823593185514 32.1047825281199 32.1923418250407 32.275823593185514
 2744 262144 44039.965 44180.155 44543.982 32.297208453433726 32.563178467798494 32.666835044033306 32.297208453433726 32.563178467798494 32.666835044033306
 3016 262144 49026.966 49069.881 49432.993 31.98779827068128 32.22450464063689 32.25271186473175 31.98779827068128 32.22450464063689 32.25271186473175
 3312 262144 53993.94 54174.9 54447.174 31.892231100919947 32.05251612831773 32.15993972656931 31.892231100919947 32.05251612831773 32.15993972656931
 3640 262144 58530.092 58620.93 59535.98 32.054705742645034 32.555067277165335 32.60559235068347 32.054705742645034 32.555067277165335 32.60559235068347
 4000 262144 64089.06 64338.923 65124.989 32.20195553507118 32.59538553357506 32.722464645292035 32.20195553507118 32.59538553357506 32.722464645292035
 4400 131072 35299.778 35424.948 36010.027 32.03090072662262 32.55992358831409 32.6753782984131 32.03090072662262 32.55992358831409 32.6753782984131
 4840 131072 38990.974 39139.032 39641.142 32.00656933647371 32.41717781880758 32.540273551514765 32.00656933647371 32.41717781880758 32.540273551514765
 5320 131072 42714.119 42797.089 42953.968 32.46745632440756 32.586470542424046 32.649768101268805 32.46745632440756 32.586470542424046 32.649768101268805
 5848 131072 46972.99 47273.159 47533.989 32.25098806666531 32.42893312883956 32.63616201566049 32.25098806666531 32.42893312883956 32.63616201566049
 6432 131072 51562.071 51763.058 51860.094 32.51267165076871 32.57362051523309 32.700591254373784 32.51267165076871 32.57362051523309 32.700591254373784
 7072 131072 56615.829 56845.188 58772.087 31.54358578418357 32.612828512415156 32.74494784841886 31.54358578418357 32.612828512415156 32.74494784841886
 7776 131072 62503.815 62657.118 64159.87 31.771132703354912 32.53312327579446 32.61291721153341 31.771132703354912 32.53312327579446 32.61291721153341
 8552 65536 34328.938 34363.985 35399.914 31.66470246227152 32.619259495078936 32.65256105504924 31.66470246227152 32.619259495078936 32.65256105504924
 9400 65536 37652.969 37748.098 38561.821 31.950690295460888 32.63944053552049 32.72190301912182 31.950690295460888 32.63944053552049 32.72190301912182
 10336 65536 41483.164 41556.12 42483.091 31.88939787832293 32.6007382787421 32.65807285095226 31.88939787832293 32.6007382787421 32.65807285095226
 11368 65536 45982.122 46185.97 46746.969 31.87429105831439 32.26145290442098 32.404474417252864 31.87429105831439 32.26145290442098 32.404474417252864
 12504 65536 50275.087 50406.933 50858.021 32.225482938079715 32.513866455632204 32.59913380159839 32.225482938079715 32.513866455632204 32.59913380159839
 13752 65536 54651.022 54835.081 58381.081 30.874764788956202 32.871331839557236 32.98203909160198 30.874764788956202 32.871331839557236 32.98203909160198
 15120 65536 61226.845 61231.852 62196.97 31.863427430628853 32.365649172264135 32.36829596560136 31.863427430628853 32.365649172264135 32.36829596560136
 16632 32768 33649.921 33765.793 34182.072 31.887907555750274 32.28103518848203 32.39219349133093 31.887907555750274 32.28103518848203 32.39219349133093
 18288 32768 36319.971 36378.145 41990.995 28.54236647643143 32.94621999005172 32.99899022496466 28.54236647643143 32.94621999005172 32.99899022496466
 20112 32768 40747.166 40912.867 43786.049 30.102282852695843 32.21627152162179 32.34728108452991 30.102282852695843 32.21627152162179 32.34728108452991
 22120 32768 44649.839 45332.909 45598.03 31.792082245658424 31.97801226477657 32.46722390197197 31.792082245658424 31.97801226477657 32.46722390197197
 24328 32768 48229.933 49056.053 52811.146 30.18983545632583 32.50077636698574 33.05747507465955 30.18983545632583 32.50077636698574 33.05747507465955
 26760 32768 53160.906 53406.954 53718.09 32.64716522869671 32.83735971911074 32.98934295815049 32.64716522869671 32.83735971911074 32.98934295815049
 29432 32768 59606.075 59921.98 60242.891 32.017977888876544 32.18944954756167 32.36004974325184 32.017977888876544 32.18944954756167 32.36004974325184
 32368 32768 64167.976 64290.047 64690.113 32.79124350888056 32.995297825804975 33.0580669709763 32.79124350888056 32.995297825804975 33.0580669709763
 35600 16384 35944.939 36267.042 36983.967 31.541797557844458 32.16531417147282 32.453547911153784 31.541797557844458 32.16531417147282 32.453547911153784
 39160 16384 39504.051 39666.176 39864.063 32.189264802235535 32.349850915802925 32.482615010799776 32.189264802235535 32.349850915802925 32.482615010799776
 43072 16384 43478.966 43749.809 44010.878 32.06896476821026 32.2603304622427 32.4612893508093 32.06896476821026 32.2603304622427 32.4612893508093
 47376 16384 47739.029 47894.001 47966.003 32.364939142417185 32.413595347776436 32.51881742295178 32.364939142417185 32.413595347776436 32.51881742295178
 52112 16384 52706.957 52785.873 53641.081 31.83392251174058 32.3496784073269 32.398114275502564 31.83392251174058 32.3496784073269 32.398114275502564
 57320 16384 57940.006 58228.016 59956.074 31.327297381079354 32.25701112674009 32.417355289883815 31.327297381079354 32.25701112674009 32.417355289883815
 63048 16384 63699.007 63863.993 66855.907 30.90163542317958 32.34932184713223 32.43310942037134 30.90163542317958 32.34932184713223 32.43310942037134
 69352 8192 35004.854 35068.035 36643.982 31.00817940582985 32.40167771019961 32.46016018235642 31.00817940582985 32.40167771019961 32.46016018235642
 76280 8192 38558.006 38777.828 39781.094 31.41621796524751 32.22902324493264 32.412763253369484 31.41621796524751 32.22902324493264 32.412763253369484
 83904 8192 42330.98 42501.926 42605.877 32.2651059617902 32.3440197980675 32.47463526712587 32.2651059617902 32.3440197980675 32.47463526712587
 92288 8192 45590.162 45763.969 46082.973 32.81139417806225 33.0401104851723 33.16607192578083 32.81139417806225 33.0401104851723 33.16607192578083
 101512 8192 50209.045 50379.992 51290.989 32.426214437003736 33.01256197103009 33.12496001467465 32.426214437003736 33.01256197103009 33.12496001467465
 111656 8192 55248.976 55485.01 57173.967 31.99658865721177 32.97056094970515 33.1114173772198 31.99658865721177 32.97056094970515 33.1114173772198
 122816 8192 61923.981 62091.112 62601.089 32.143487855299135 32.40749407097106 32.49496094251434 32.143487855299135 32.40749407097106 32.49496094251434
 135096 4096 33565.044 33715.01 33818.96 32.72443717961758 32.82533304898916 32.971994078124844 32.72443717961758 32.82533304898916 32.971994078124844
 148600 4096 37533.045 37702.084 40474.176 30.076738313338364 32.28816741270854 32.43358485835615 30.076738313338364 32.28816741270854 32.43358485835615
 163456 4096 40421.963 40492.058 40706.873 32.89448324856591 33.06899224534352 33.1263365908281 32.89448324856591 33.06899224534352 33.1263365908281
 179800 4096 45305.967 45572.996 46478.033 31.690704294650335 32.320051988682074 32.51054325802163 31.690704294650335 32.320051988682074 32.51054325802163
 197776 4096 49819.946 49986.124 50137.043 32.31504881530409 32.41261498891172 32.520729588908026 32.31504881530409 32.41261498891172 32.520729588908026
 217552 4096 54055.214 54177.046 54661.989 32.60375292966379 32.895591686560394 32.96973320649512 32.60375292966379 32.895591686560394 32.96973320649512
 239304 4096 60333.967 60801.983 63776.016 30.738489026972143 32.24201368563917 32.49211788112657 30.738489026972143 32.24201368563917 32.49211788112657
 263232 2048 33236.027 33411.026 34446.955 31.30024909313465 32.27073218284288 32.44064857691926 31.30024909313465 32.27073218284288 32.44064857691926
 289552 2048 36478.996 36577.94 36923.17 32.12088756192927 32.42405099904477 32.5119965472734 32.12088756192927 32.42405099904477 32.5119965472734
 318504 2048 39424.896 39545.059 40384.054 32.304641430996504 32.9900224450291 33.09057261685611 32.304641430996504 32.9900224450291 33.09057261685611
 350352 2048 44188.023 44375.896 44642.925 32.14488728057133 32.33831699984154 32.475808931302495 32.14488728057133 32.33831699984154 32.475808931302495
 385384 2048 48657.894 48878.908 50011.873 31.563162291482268 32.294765341320634 32.44145470003285 31.563162291482268 32.294765341320634 32.44145470003285
 423920 2048 52490.95 52582.979 53124.189 32.68522969828302 33.021642231414845 33.07953694875022 32.68522969828302 33.021642231414845 33.07953694875022
 466312 2048 57704.21 58176.994 58828.115 32.467706163965985 32.83108701009887 33.10007973421696 32.467706163965985 32.83108701009887 33.10007973421696
 512936 2048 63527.107 64044.952 69715.023 30.13677347563953 32.80486268457192 33.07227347846959 30.13677347563953 32.80486268457192 33.07227347846959
 564224 1024 34899.95 35018.921 35543.919 32.50994219292476 32.9973259884278 33.10981110288124 32.50994219292476 32.9973259884278 33.10981110288124
 620640 1024 38400.888 38501.978 38918.972 32.65941145619159 33.01312779307078 33.10003456170076 32.65941145619159 33.01312779307078 33.10003456170076
 682704 1024 42283.058 42474.031 43730.021 31.972950390305094 32.91841530181112 33.067092545671606 31.972950390305094 32.91841530181112 33.067092545671606
 750968 1024 47464.132 47594.07 48444.986 31.746989543974685 32.31458171154515 32.40304624131755 31.746989543974685 32.31458171154515 32.40304624131755
 826064 1024 51096.201 51436.186 53325.176 31.725710047351743 32.890834324302354 33.109684064378875 31.725710047351743 32.890834324302354 33.109684064378875
 908664 1024 57192.802 57549.0 60742.14 30.636784808701176 32.33668477297607 32.53807834069749 30.636784808701176 32.33668477297607 32.53807834069749
 999528 1024 63010.931 63537.836 64250.946 31.859972053952323 32.217548989235326 32.48695601720279 31.859972053952323 32.217548989235326 32.48695601720279
 1099480 512 34685.135 34919.024 35073.042 32.100652119083364 32.24223907289046 32.4596551231529 32.100652119083364 32.24223907289046 32.4596551231529
 1209424 512 37415.981 37657.976 41707.993 29.693353405904716 32.88679604023328 33.099497671863794 29.693353405904716 32.88679604023328 33.099497671863794
 1330360 512 41393.995 41637.897 42140.007 32.32767948994408 32.71751789001255 32.910296288145176 32.32767948994408 32.71751789001255 32.910296288145176
 1463392 512 45212.03 45453.072 46022.177 32.56068064750609 32.968363678477004 33.144130179511954 32.56068064750609 32.968363678477004 33.144130179511954
 1609728 512 49983.025 50414.085 51136.971 32.234241484502476 32.69644727262232 32.97842561549646 32.234241484502476 32.69644727262232 32.97842561549646
 1770696 512 55819.988 55928.946 56237.936 32.24145181999567 32.419575795331454 32.482857287608155 32.24145181999567 32.419575795331454 32.482857287608155
 1947760 512 60297.966 60671.091 61070.919 32.658854208498155 32.874079023896236 33.07750447170971 32.658854208498155 32.874079023896236 33.07750447170971
 2142536 256 33706.188 34062.862 35042.048 31.30463242331042 32.204529143793025 32.5453128072507 31.30463242331042 32.204529143793025 32.5453128072507
 2356784 256 37226.915 37292.004 37371.874 32.28827668636578 32.357429973460256 32.41400497462656 32.28827668636578 32.357429973460256 32.41400497462656
 2592456 256 40805.817 41187.048 41501.045 31.983230109024966 32.22706011851104 32.52814352424312 31.983230109024966 32.22706011851104 32.52814352424312
 2851696 256 44568.777 44773.102 45450.926 32.12406171878654 32.61039076541982 32.759892693488084 32.12406171878654 32.61039076541982 32.759892693488084
 3136864 256 48982.859 49294.949 51032.066 31.471866492726356 32.5809114438885 32.788497870244775 31.471866492726356 32.5809114438885 32.788497870244775
 3450544 256 54924.965 55100.918 55320.978 31.93505595653063 32.06259699702281 32.16531003706602 31.93505595653063 32.06259699702281 32.16531003706602
 3795592 256 59674.978 59797.049 60143.948 32.3115320597178 32.49898007508698 32.56545991520935 32.3115320597178 32.49898007508698 32.56545991520935
 4175144 256 65510.035 65608.025 67024.946 31.89370309973842 32.58250386290397 32.63124081676952 31.89370309973842 32.58250386290397 32.63124081676952
 4592656 128 36535.025 36704.063 37456.036 31.389331642034943 32.032419299193116 32.18062492088072 31.389331642034943 32.032419299193116 32.18062492088072
 5051920 128 40327.072 40452.003 40611.982 31.84507271770188 31.97101315353902 32.070057553397376 31.84507271770188 31.97101315353902 32.070057553397376
 5557112 128 44357.061 44423.819 44709.921 31.81890372832464 32.02382649722213 32.07202280601954 31.81890372832464 32.02382649722213 32.07202280601954
 6112816 128 48795.938 48861.98 50238.848 31.14882124685662 32.02655512527327 32.06990090035773 31.14882124685662 32.02655512527327 32.06990090035773
 6724096 128 52877.903 53116.083 54129.124 31.801153404958114 32.40767162744286 32.553646766211585 31.801153404958114 32.40767162744286 32.553646766211585
 7396504 128 58442.831 58622.122 60110.092 31.500617633391744 32.30017883010103 32.399269364620615 31.500617633391744 32.30017883010103 32.399269364620615
 8136152 128 64972.878 65644.026 66925.764 31.121869777982663 31.72954248723258 32.05729800055956 31.121869777982663 31.72954248723258 32.05729800055956
 8949760 64 35434.008 35615.921 36834.002 31.100863815992625 32.16452776835393 32.32965573637619 31.100863815992625 32.16452776835393 32.32965573637619
 9844736 64 39315.939 40164.948 40371.18 31.21350943915932 31.3737791469318 32.05128098301302 31.21350943915932 31.3737791469318 32.05128098301302
 10829208 64 43978.93 44494.867 44717.073 30.997973056062953 31.1527759820026 31.518243486142115 30.997973056062953 31.1527759820026 31.518243486142115
 11912128 64 49319.983 49612.999 49785.852 30.626218548996608 30.732921104003402 30.91550911524037 30.626218548996608 30.732921104003402 30.91550911524037
 13103336 64 54141.998 54360.151 54872.99 30.565620863743714 30.853979930997617 30.978299101558832 30.565620863743714 30.853979930997617 30.978299101558832
 14413664 64 58310.986 58526.993 58712.959 31.423198956809514 31.523044281465136 31.639818129640272 31.423198956809514 31.523044281465136 31.639818129640272
 15855024 64 64422.131 64771.891 65073.013 31.187169280143827 31.332157216160322 31.502265455950216 31.187169280143827 31.332157216160322 31.502265455950216
 17440520 32 34317.97 34605.98 34696.102 32.17056717207023 32.254346792086224 32.52503804857921 32.17056717207023 32.254346792086224 32.52503804857921
 19184568 32 37833.929 38022.995 38976.908 31.501019834615917 32.29131087648408 32.45267896971526 31.501019834615917 32.29131087648408 32.45267896971526
 21103024 32 42193.174 42431.116 45174.837 29.897031748006086 31.830261923820245 32.00976385421964 29.897031748006086 31.830261923820245 32.00976385421964
 23213320 32 45662.165 45778.036 47764.063 31.103980413056565 32.4533905299039 32.535743322726816 31.103980413056565 32.4533905299039 32.535743322726816
 25534648 32 50305.128 50443.888 51112.89 31.97270731512149 32.39673896667124 32.48610105912066 31.97270731512149 32.39673896667124 32.48610105912066
 28088112 32 55678.129 55772.066 56545.973 31.790754896020623 32.231891284070414 32.28627111374378 31.790754896020623 32.231891284070414 32.28627111374378
 30896920 32 60920.954 61280.966 61523.914 32.14039470895821 32.267815099389914 32.458501552684154 32.14039470895821 32.267815099389914 32.458501552684154
 33986608 16 33829.927 34019.947 34737.11 31.308633792506054 31.968640515518732 32.14820581788427 31.308633792506054 31.968640515518732 32.14820581788427
 37385264 16 37204.981 37448.883 37716.15 31.71926211980809 31.9456376843069 32.15506138815123 31.71926211980809 31.9456376843069 32.15506138815123
 41123784 16 40891.886 41054.01 41070.938 32.0411744187581 32.054386112343224 32.181472089597435 32.0411744187581 32.054386112343224 32.181472089597435
 45236160 16 45061.827 45199.871 45492.887 31.819416516696332 32.02569140075643 32.123800040331254 31.819416516696332 32.02569140075643 32.123800040331254
 49759776 16 49385.071 49571.037 49670.219 32.05769702766964 32.12183824195568 32.24279726154489 32.05769702766964 32.12183824195568 32.24279726154489
 54735752 16 54059.982 54233.074 54475.069 32.15313162797462 32.29660306550206 32.400011971887075 32.15313162797462 32.29660306550206 32.400011971887075
 60209320 16 59172.869 59592.009 59746.981 32.24762503062707 32.33148659243893 32.560500657826815 32.24762503062707 32.33148659243893 32.560500657826815
 66230248 16 65996.17 66025.972 67708.969 31.301140266956367 32.099003949536716 32.11349895001483 31.301140266956367 32.099003949536716 32.11349895001483
 72853272 8 36004.066 36222.935 37136.793 31.388072524194534 32.17995317055341 32.37557535862755 31.388072524194534 32.17995317055341 32.37557535862755
 80138592 8 39479.971 39648.056 40010.929 32.04668084562596 32.33998337774745 32.47767005705248 32.04668084562596 32.33998337774745 32.47767005705248
 88152448 8 43589.115 44000.864 44698.954 31.5541873306476 32.054806196532866 32.3576004697503 31.5541873306476 32.054806196532866 32.3576004697503
 96967688 8 47848.94 48327.208 48838.854 31.767391757390538 32.10371697864276 32.424605602548354 31.767391757390538 32.10371697864276 32.424605602548354
 106664456 8 52667.141 52972.078 53943.157 31.637586506106793 32.2175636757161 32.40409985421461 31.637586506106793 32.2175636757161 32.40409985421461
 117330896 8 57826.042 58177.948 59364.08 31.62340486031284 32.26814283652631 32.464513756621976 31.62340486031284 32.26814283652631 32.464513756621976
 129063984 8 63927.174 63988.924 64954.042 31.792074525554543 32.2715810004869 32.30275350510566 31.792074525554543 32.2715810004869 32.30275350510566
 141970376 4 35034.895 35207.987 35485.983 32.005961565162224 32.25867494213742 32.41805086043501 32.005961565162224 32.25867494213742 32.41805086043501
 156167408 4 38657.188 38748.026 39829.016 31.367565395037627 32.242655767806085 32.31842067767578 31.367565395037627 32.242655767806085 32.31842067767578
 171784144 4 42294.979 42729.855 42787.075 32.11888524747252 32.16189598583941 32.492583859658616 32.11888524747252 32.16189598583941 32.492583859658616
 188962552 4 46743.87 46974.897 47199.965 32.02757493570176 32.18102673008522 32.340078303315494 32.02757493570176 32.18102673008522 32.340078303315494
 207858800 4 51071.882 51635.027 51906.109 32.03612122033651 32.20430968303745 32.559411066935034 32.03612122033651 32.20430968303745 32.559411066935034
 228644680 4 56787.968 56982.994 57341.099 31.899588112184595 32.10005848411545 32.2102991957733 31.899588112184595 32.10005848411545 32.2102991957733
 251509144 4 62265.873 62437.057 63534.021 31.669224146855118 32.225624471697955 32.314220536183605 31.669224146855118 32.225624471697955 32.314220536183605
 276660056 2 34385.92 34679.89 34858.942 31.74623670448747 31.910142275537783 32.1829465083383 31.74623670448747 31.910142275537783 32.1829465083383
 304326056 2 37884.951 38650.036 38744.926 31.418416543110705 31.49555213868365 32.13160349606893 31.418416543110705 31.49555213868365 32.13160349606893
 334758656 2 41356.802 42242.05 42532.921 31.48231046722608 31.69909187645959 32.37761527112275 31.48231046722608 31.69909187645959 32.37761527112275
 368234520 2 45435.905 45789.957 46405.077 31.740882145287685 32.16727371025922 32.41793202974608 31.740882145287685 32.16727371025922 32.41793202974608
 405057968 2 49983.978 50418.854 51060.915 31.731352091908263 32.135436319119826 32.415024510454124 31.731352091908263 32.135436319119826 32.415024510454124
 445563760 2 55129.051 55366.993 55916.071 31.873753075390432 32.18984711703595 32.32878142596723 31.873753075390432 32.18984711703595 32.32878142596723
 490120136 2 60513.02 60849.905 62662.125 31.286531441440903 32.21830081739651 32.397664899223344 31.286531441440903 32.21830081739651 32.397664899223344
 539132144 1 33303.976 33427.954 34445.047 31.303899454687926 32.25636507696523 32.376443221073664 31.303899454687926 32.25636507696523 32.376443221073664
 593045352 1 36544.085 36938.906 37770.033 31.40295651846531 32.10952441309442 32.45643457757938 31.40295651846531 32.10952441309442 32.45643457757938
 652349880 1 40409.088 40559.053 43180.943 30.21471207796458 32.16790490645825 32.287285474000306 30.21471207796458 32.16790490645825 32.287285474000306
 717584864 1 44242.859 44472.933 45172.93 31.770569852342984 32.27063364586275 32.43844906135022 31.770569852342984 32.27063364586275 32.43844906135022
 789343344 1 48921.108 49409.151 52196.026 30.245342586042852 31.951301652602773 32.27005177397045 30.245342586042852 31.951301652602773 32.27005177397045
 868277672 1 53598.881 54389.0 55727.959 31.161294530811723 31.928429351523285 32.39909698861064 31.161294530811723 31.928429351523285 32.39909698861064
 955105432 1 59216.022 59540.033 61106.92 31.260139833590042 32.08279820738426 32.25834494589994 31.260139833590042 32.08279820738426 32.25834494589994
 1050615968 1 65170.05 65566.778 66335.917 31.67562959896974 32.04720439366412 32.2422943668142 31.67562959896974 32.04720439366412 32.2422943668142
 
META_DATA
 FLOPS          16
 ERT_VERSION  1.1.0
 HOSTNAME  ('berks-mbp.attlocal.net', ['80.1.168.192.in-addr.arpa'], ['192.168.1.80'])
 UNAME  uname_result(system='Darwin', node='Berks-MBP.attlocal.net', release='23.1.0', version='Darwin Kernel Version 23.1.0: Mon Oct  9 21:27:24 PDT 2023; root:xnu-10002.41.9~6/RELEASE_ARM64_T6000', machine='arm64')
 TIMESTAMP_DATA  1706030514.141988
 CONFIG  {'ERT_RESULTS': ['results.m1.pro.01'], 'ERT_DRIVER': ['driver1'], 'ERT_KERNEL': ['kernel1'], 'ERT_SPEC_GBYTES_DRAM': ['243'], 'ERT_SPEC_GFLOPS': ['29.73'], 'ERT_FLOPS': ['1,2,4,8,16'], 'ERT_ALIGN': ['64'], 'ERT_CC': ['clang'], 'ERT_CFLAGS': ['-O3', '-std=gnu++11'], 'ERT_LD': ['clang'], 'ERT_LDFLAGS': [], 'ERT_LDLIBS': [], 'ERT_PRECISION': ['FP64'], 'ERT_RUN': ['export', 'OMP_NUM_THREADS=1;', 'export', 'OMP_PROC_BIND=false;', 'export', 'OMP_PLACES=threads;', 'mpirun', '-np', '1', 'ERT_CODE'], 'ERT_NUM_EXPERIMENTS': ['5'], 'ERT_MEMORY_MAX': ['1073741824'], 'ERT_WORKING_SET_MIN': ['1'], 'ERT_TRIALS_MIN': ['1'], 'ERT_GNUPLOT': ['gnuplot'], 'ERT_MPI': [False], 'ERT_OPENMP': [False], 'ERT_GPU': [False], 'ERT_HIP': [False], 'ERT_OCL': [False], 'ERT_SYCL': [False], 'ERT_WSS_MULT': [1.1]}
 TIMESTAMP_DATA  1706030549.576258
 TIMESTAMP_DATA  1706030584.113646
 TIMESTAMP_DATA  1706030618.933963
 TIMESTAMP_DATA  1706030653.294066
 